nan
nan
1.953553720153043145e-08
7.170250958931643241e-08
8.461482200893788817e-08
3.018435387142021449e-08
1.131699425569383522e-08
5.294092039924378998e-08
4.701725344662268009e-08
1.202993204394488525e-07
3.041194866715056326e-08
3.018750817832568167e-08
5.515315646208434644e-08
6.192631070014343929e-08
1.693757454170528931e-08
9.589420851578161369e-09
4.306457610729574726e-08
8.014753676894910425e-08
4.848018687205017891e-08
7.666349872377240464e-08
2.400196473685742022e-08
6.957684580963449229e-08
7.931188397169665065e-08
4.955567869719834489e-08
3.583455040733251794e-08
4.897728114196326724e-08
4.724225654954594600e-08
7.307755346832582093e-08
9.088828383174003923e-08
8.690348699678899116e-08
4.747214733388812607e-08
3.691329671047799742e-08
6.194357590279064680e-08
6.015371855973060131e-08
6.692661135230203905e-08
6.415555870319160576e-08
3.482682854029408327e-08
4.476567983460426628e-08
4.782591114466111978e-08
3.558846493241805366e-08
7.008539681044571884e-08
7.699926780231154247e-08
6.935997910492526364e-08
6.022014495861777107e-08
5.412303139236211968e-08
6.826188629538120996e-08
6.473639191379102216e-08
6.531130781886999865e-08
5.653410015913079666e-08
6.014309131463149719e-08
6.834794837849002288e-08
5.129388833951473390e-08
5.566447531906033473e-08
4.518821247233831000e-08
6.343325554571466928e-08
4.830027332553454785e-08
7.544747036308775167e-08
9.590347542886054785e-08
7.360310717832197360e-08
7.877779495021676670e-08
6.235054887624838592e-08
6.059046076665607479e-08
6.145287421862834301e-08
7.382832718641147674e-08
5.166730539614812770e-08
8.303936237080801832e-08
6.930610678810381895e-08
6.818870398758341114e-08
6.330032165670783771e-08
7.934843277816412179e-08
6.636182589454159198e-08
6.277513961358000556e-08
6.638553388341070586e-08
9.106965644683296504e-08
7.563773382051080016e-08
5.593636051466625919e-08
5.784850325862840901e-08
8.885320817763566847e-08
8.675391669264898691e-08
8.849236263845821642e-08
7.324201453608544450e-08
9.574735326407940939e-08
8.998346228159986286e-08
6.945299859439843496e-08
8.479562832693877054e-08
7.767988551035505685e-08
8.375943355606861804e-08
8.821071295093470272e-08
8.073462591553705869e-08
5.743326904215238805e-08
7.777119294858412141e-08
6.875568655967901461e-08
9.245179740338799734e-08
6.190369991030534522e-08
8.540919266364909889e-08
8.130125199123541474e-08
7.474034790362918178e-08
7.814761327200103826e-08
7.602464735842112885e-08
8.230734051369486983e-08
8.889090598093347514e-08
9.682981342796751013e-08
9.638568886470317299e-08
7.235663076535676152e-08
8.397020455626006485e-08
7.929381350128633232e-08
7.925539560590763560e-08
7.463605488521676050e-08
9.716968089339375357e-08
8.256530055944879895e-08
7.871515572823240100e-08
7.837382083333932930e-08
8.571864103968049871e-08
7.239366702470741109e-08
8.794319801345348948e-08
1.091745599946190530e-07
9.191000692935653175e-08
8.900621765135742039e-08
8.741100331608336605e-08
8.149952634265247121e-08
8.206298410920457627e-08
8.720034036091608262e-08
8.958176863187852511e-08
8.470174100278663238e-08
8.698108941580644395e-08
9.040216393475689395e-08
9.536984711961962124e-08
8.672006206250514021e-08
8.273449504627526330e-08
8.625522399107623564e-08
8.118981929660765097e-08
8.654082434780250529e-08
9.032413869781208567e-08
8.710809777782421053e-08
1.012021907239910979e-07
8.435835088062830464e-08
9.516874492513406470e-08
8.951645313666661650e-08
9.979005656333470688e-08
1.042172067921022706e-07
9.324084192894533447e-08
1.117402803657298775e-07
9.329983212488777625e-08
1.010433072693835712e-07
9.034967760348842729e-08
1.030923983048725906e-07
8.706522239734498566e-08
9.303444343752706369e-08
1.109387185376995005e-07
9.426117672032298844e-08
1.005044377810311158e-07
1.018722373927156161e-07
1.051696307846323899e-07
1.096168289764590584e-07
9.434346830828391790e-08
1.074886822684508154e-07
9.363463495932836686e-08
9.925069987145138493e-08
1.041677723339013442e-07
1.031341121105665705e-07
9.742270429461105228e-08
1.186390862041047800e-07
1.181240579988823712e-07
9.911211727872341285e-08
1.080184214369013545e-07
1.054432656917540022e-07
9.408027276515593683e-08
1.262160910736424566e-07
9.591012975353450707e-08
1.133657591049843969e-07
1.066892826880342492e-07
1.017782932988699413e-07
1.150871371223354441e-07
1.023432270192037538e-07
1.253012936740988582e-07
9.796116287851630647e-08
1.184206632182661569e-07
1.215504581228264414e-07
1.139813789087765419e-07
1.216024985379150354e-07
1.357633355311750697e-07
1.250331372654594368e-07
1.264727736714922452e-07
1.161580453449985093e-07
1.218913744573022847e-07
1.229011626348015385e-07
1.163199412366318586e-07
1.136969436739402100e-07
1.311683373632691164e-07
1.080740582223489321e-07
1.530325626166701253e-07
1.173126888000456667e-07
1.293054478776873466e-07
1.288227937932220609e-07
1.299881736312368560e-07
1.337467496621999845e-07
1.217472691094849191e-07
1.269892236013751165e-07
1.377526361461599878e-07
1.256307993229315566e-07
1.321163572137669370e-07
1.404093087539125297e-07
1.356679542030515714e-07
1.302028877110235749e-07
1.352870313435601557e-07
1.332608248995292847e-07
1.501693575917933569e-07
1.414287340998565321e-07
1.358374831439081771e-07
1.373191623577397519e-07
1.658887088725686450e-07
1.341498772152398572e-07
1.406797475654158221e-07
1.537429692701257112e-07
1.348047118544645287e-07
1.411114924082226421e-07
1.267823193647158657e-07
1.353009884968663351e-07
1.493985536460704032e-07
1.382536472045319920e-07
1.540575999218733011e-07
1.510479066818074648e-07
1.475363658697559881e-07
1.642597333092080017e-07
1.566739604772174933e-07
1.386611638947134202e-07
1.583478141304606463e-07
1.596660353252111431e-07
1.615621660104507399e-07
1.375527843224288600e-07
1.510157191974793196e-07
1.702700427075445100e-07
1.641291104155391724e-07
1.816765169768559243e-07
1.576177951046918427e-07
1.717935289299249329e-07
1.487105423189132716e-07
1.551185016281159492e-07
1.594829456712209211e-07
1.684326456508671505e-07
1.544762228025192989e-07
1.753538086400045835e-07
1.848626307505743839e-07
1.724143515406700776e-07
1.716494843264699098e-07
1.799163766195481362e-07
1.701806826271559971e-07
1.984391192282608764e-07
1.761672684566663368e-07
1.799885969729034741e-07
1.492404007268888941e-07
1.681323078920690157e-07
1.684625398736156070e-07
1.647263153678070042e-07
1.671167071905102526e-07
1.749136568381411626e-07
1.907277804820005599e-07
1.763530744781653666e-07
1.903075193704892611e-07
1.827146635402068033e-07
1.780646275881110658e-07
1.848869922420837672e-07
2.009836282070530437e-07
1.858228293019198093e-07
1.980984274367366117e-07
1.886292144384317410e-07
1.792733278770885763e-07
2.120574803697294299e-07
1.904827598574443040e-07
1.851012709653864367e-07
1.858713202319783228e-07
1.912280334967267860e-07
1.809251415473826501e-07
2.066210248238803228e-07
2.034825225707326093e-07
1.817928482437218158e-07
1.965502891435831879e-07
1.927653010907283188e-07
1.905567948511228963e-07
1.848131482728231278e-07
2.006888019079913383e-07
1.806565183631413146e-07
2.081870220894851766e-07
1.913693227955294543e-07
2.152109039153036169e-07
2.023728983438151556e-07
1.932961470460862849e-07
1.786376369323490349e-07
2.036573765517895244e-07
1.948866351359418425e-07
1.977969375143699065e-07
1.924651564093508865e-07
2.002424894039416756e-07
2.165021454442886450e-07
2.263418582186203854e-07
2.029490627818404340e-07
2.158277966498393823e-07
2.117104737711153460e-07
2.078156717319158068e-07
2.430732323068403752e-07
2.159596953931126114e-07
2.609672929175948786e-07
2.228082234531826717e-07
1.967624483539521549e-07
2.094039039525721465e-07
2.131429408902474951e-07
2.375661803874780960e-07
2.219088274034902720e-07
2.108723387415923727e-07
2.341482036647100138e-07
2.122494729738347342e-07
2.275742508329649249e-07
2.212679057089601903e-07
2.315432933100686939e-07
2.087554840912975531e-07
2.240484167288799202e-07
2.339484514482593050e-07
2.150748332039245733e-07
2.387886491559682585e-07
2.183357003414221205e-07
2.339147436415843462e-07
2.450487026778115838e-07
2.173390648254071956e-07
1.995619324319930652e-07
2.065396638104559109e-07
2.424502912836969045e-07
2.195060268686244477e-07
2.216950058828479810e-07
2.267782884339354090e-07
2.381481187189015328e-07
2.362160845929489664e-07
2.481495100769737266e-07
2.591207871289376875e-07
2.230850424000953333e-07
2.478537986027229156e-07
2.401669437058275133e-07
1.984014881862981479e-07
2.191412996197409362e-07
2.229742045957194572e-07
2.230387353208534941e-07
2.175850222868246785e-07
2.203707960598956680e-07
2.170735002425597577e-07
2.340804577571641866e-07
2.293998186447416049e-07
2.489535596929995910e-07
2.206576390201082217e-07
2.166305356236303467e-07
2.026461976133826411e-07
2.492871734062451472e-07
2.438411674954433780e-07
2.573756248726890464e-07
2.241348265697338875e-07
2.475691401522667089e-07
2.414278661162348373e-07
2.406547315924889424e-07
2.386139338601833094e-07
2.459648097813417185e-07
2.459884004904308727e-07
2.325933155851131296e-07
2.319289769241397634e-07
2.346687682645806414e-07
2.341083847238928964e-07
2.350455034847831306e-07
2.249504026870488202e-07
2.202998476897050558e-07
2.280555429575594115e-07
2.254824597516669944e-07
2.302694709636907913e-07
2.362288540140210062e-07
2.562628066571926483e-07
2.354238504442612794e-07
2.242588047053732516e-07
2.378872840597754484e-07
2.223145382349999283e-07
2.229159854455863481e-07
2.375679184997411742e-07
2.238058205434086880e-07
2.351303754873401404e-07
2.228538649005881154e-07
2.244721513615526437e-07
2.218277228631494070e-07
2.439993464077256332e-07
2.381191585344425654e-07
2.335010799111616426e-07
2.344436344244705774e-07
2.031285988507491616e-07
2.590741315314883521e-07
2.204705616636990831e-07
2.616596149772884078e-07
2.428092781464657243e-07
2.233897386477499636e-07
2.380131011094256165e-07
2.383220490486619375e-07
2.196535459534417060e-07
2.288985932781173090e-07
2.162251345273128988e-07
2.377729901994978430e-07
2.284326682153727429e-07
2.454385147848260160e-07
2.344983435747112856e-07
2.324795312835939569e-07
2.164449913139983932e-07
2.194017022230336209e-07
2.357429754403249796e-07
2.431926348177914857e-07
2.238163837382590509e-07
2.083726239057545036e-07
2.378695568180762021e-07
2.339250718692046878e-07
2.254073444281636985e-07
2.300297737128548282e-07
2.134789168461313485e-07
2.109621215343734944e-07
2.213456185368809210e-07
2.410195050003061243e-07
2.473743782452807537e-07
2.377794830658072400e-07
2.230740878726273456e-07
2.241359199702018478e-07
2.279061705217630682e-07
2.096417599228843156e-07
2.404547242160127207e-07
2.388877509621203539e-07
2.636945165764066860e-07
2.295313857608544249e-07
2.296995793174389711e-07
2.217887629025047497e-07
2.289806866602828585e-07
2.259200040126325587e-07
2.041934484264849449e-07
2.175553087565120951e-07
2.278525954798620934e-07
2.455268926563461944e-07
2.131625995799551894e-07
2.245906041728178777e-07
2.331590426322558556e-07
2.096097517786768911e-07
2.085086294457422033e-07
2.342332152166901551e-07
2.428149061705896800e-07
2.345067285090907724e-07
2.217541280215332479e-07
2.392282472600612956e-07
2.392137221329409587e-07
2.070295623871749429e-07
2.247480712421912187e-07
2.281577967202088995e-07
2.226064456511795551e-07
2.112049016076994759e-07
2.323808937141724716e-07
2.161338004938224688e-07
1.942642468016313632e-07
2.110505511297637146e-07
2.306990490537577260e-07
2.525485886770510452e-07
2.407681015579143425e-07
2.063157346654934783e-07
2.395000197793423192e-07
2.221269734018566458e-07
2.276018634944021809e-07
2.227638310567678747e-07
2.209499850954315775e-07
2.597185304270332620e-07
2.315552067515232764e-07
2.247565495974549911e-07
2.199394041273208622e-07
2.337141327233813835e-07
2.088859205254917589e-07
2.111646029213040361e-07
2.123571626354107178e-07
2.329861206677510963e-07
2.200301516354537627e-07
2.345245344371653452e-07
2.373750402512802176e-07
2.123665209166123009e-07
2.152659930755898732e-07
2.359363014887926004e-07
2.153119797560632689e-07
2.251470507043097688e-07
2.154414414591892281e-07
2.166474766385872715e-07
2.182972368240988900e-07
2.143232874184209236e-07
2.208161265809068855e-07
2.128933177679483242e-07
2.108845429758345821e-07
2.461009880280312822e-07
2.177509619817997203e-07
2.512258688347008888e-07
2.337509993651247845e-07
2.173236789597882701e-07
2.103913150709732072e-07
2.323390538801582159e-07
2.361688289684211199e-07
2.215951172606285646e-07
2.105914292152904476e-07
2.251842839810379609e-07
2.186906615311370095e-07
2.200266234702077068e-07
2.456474334112164286e-07
2.343738406038176870e-07
2.248290861110057609e-07
2.272690596158125641e-07
2.192087134978780310e-07
2.401546430311443402e-07
2.121788944268093899e-07
2.237698229435778560e-07
2.124246050459703254e-07
2.199974478645691909e-07
2.050758569428301070e-07
2.474777751409647769e-07
2.282522221840355988e-07
2.186383474826654628e-07
2.485057173063336155e-07
2.204137838001455025e-07
2.099268322378625982e-07
2.220454079943749850e-07
2.294534832706859634e-07
2.265684616652961247e-07
2.115140107911168684e-07
2.378102357639077961e-07
2.283979530601935425e-07
2.312500189182658458e-07
2.261918274807791294e-07
2.084537573474618488e-07
2.173192752954133087e-07
2.248819415715542873e-07
2.209078999709684915e-07
2.356667798508615702e-07
2.265154009134225250e-07
1.941613127831106869e-07
2.288014552395769905e-07
2.225786834260267739e-07
2.489065773547755090e-07
2.220149611316893875e-07
2.136263490790125092e-07
2.278843105834196616e-07
2.483604147600028544e-07
2.288063207235937641e-07
2.331788331570271792e-07
2.160669412438776429e-07
2.329769865906839161e-07
2.193382794537822129e-07
2.312120420038215343e-07
2.354665530159773111e-07
2.290470424641662131e-07
2.437410462199792938e-07
2.327675248251016271e-07
2.400308758363192613e-07
2.595350159140941098e-07
2.096729895466121065e-07
2.125531040420745792e-07
2.240364214882288118e-07
2.145249206217885409e-07
2.533243887060942654e-07
2.438789864461393589e-07
2.384829064683683061e-07
2.285803380200069790e-07
2.450281948009058402e-07
2.324466851668795319e-07
2.390736159300912712e-07
2.244743761571693618e-07
2.227731524258980138e-07
2.570942733180426838e-07
2.377364589485419042e-07
2.275739145646689317e-07
2.299221677290266557e-07
2.521919108907430539e-07
2.418427407456016918e-07
2.261940109305614373e-07
2.555751907129123060e-07
2.515139698221640647e-07
2.250267374485217526e-07
2.248473178777186349e-07
2.352383078658216009e-07
2.560812253371476450e-07
2.209203807567000575e-07
2.298741981708321338e-07
2.343536063686287738e-07
2.628123582916023015e-07
2.237488290776782308e-07
2.253289890394100661e-07
2.576375181356878679e-07
2.314431891432408027e-07
2.276570101752858930e-07
2.249626121883288253e-07
2.426525419726116945e-07
2.551238665322827756e-07
2.250132869982227000e-07
2.386029910961082522e-07
2.380800277264680150e-07
2.388805845465753590e-07
2.299061456908955961e-07
2.449861001689524338e-07
2.476682682444191497e-07
2.467432829740227656e-07
2.417416232174347909e-07
2.412677266308022166e-07
2.271518697301295323e-07
2.515196031492069257e-07
2.505660611656256509e-07
2.795718154417131510e-07
2.522198574646652568e-07
2.345931237130709390e-07
2.524084056559236328e-07
2.600595296663580132e-07
2.618869776446934161e-07
2.704385270998726840e-07
2.561601626397417943e-07
2.551515100887894644e-07
2.560474264228520821e-07
2.471167585370545144e-07
2.542654019181969559e-07
2.528953389556789229e-07
2.394526973117292272e-07
2.352370503043261531e-07
2.644397590546122674e-07
2.609338357192291580e-07
2.489217077751593228e-07
2.321541558835429081e-07
2.348760611301843859e-07
2.601321360210232584e-07
2.355386882520141481e-07
2.688493820697531204e-07
2.493224345742736741e-07
2.736962843537175068e-07
2.445283867803858555e-07
2.365139863368459167e-07
2.375078215400435084e-07
2.588676226536688160e-07
2.411964951174809885e-07
2.513056271585198974e-07
2.739560727754291672e-07
2.711860289471963133e-07
2.717820183460032483e-07
2.339338230443623732e-07
2.690801286184336962e-07
2.458101006474901374e-07
2.451567679557682919e-07
2.581457816503435462e-07
2.219948787092238675e-07
2.876209909365900801e-07
2.822165096910720901e-07
2.225003158693139554e-07
2.701969218138103285e-07
2.504076390550683007e-07
2.331867614617916050e-07
2.492217620950277165e-07
2.358219048401618439e-07
2.413658988081363401e-07
2.654863783229727832e-07
2.425395360228096023e-07
2.419486334674508388e-07
2.689984051070436542e-07
2.510295313865581345e-07
2.472353850097068622e-07
2.585644342154678154e-07
2.495860291949934910e-07
2.761904769048171310e-07
2.361959516162461555e-07
2.681815508782077511e-07
2.405049591723461168e-07
2.439257662565691201e-07
2.610009170174737725e-07
2.579932546579822817e-07
2.609165761859158474e-07
2.615918863070656040e-07
2.497141727542355881e-07
2.484571410073961275e-07
2.580802600711109395e-07
2.890884182095753090e-07
2.464130299847463931e-07
2.585031530719928187e-07
2.440730952642893591e-07
2.532444183662782176e-07
2.382030941840099163e-07
2.536466123338635321e-07
2.564763920519560670e-07
2.479688120397366926e-07
2.648683110208980263e-07
2.748570374159959453e-07
2.504771027554372127e-07
2.277896044715138302e-07
2.531595346545989487e-07
2.440159730493996372e-07
2.562460837217243890e-07
2.468443335222086236e-07
2.863996839189393594e-07
2.458546236944664671e-07
2.370364133130202796e-07
2.617797236608129192e-07
2.460214829870758736e-07
2.799990741305162845e-07
2.482765395348479321e-07
2.680503964781384804e-07
2.622317621347146334e-07
2.552932210564746407e-07
2.657247188559018470e-07
2.558316411912333105e-07
2.407207874595989624e-07
2.386610766681326337e-07
2.652697464023495677e-07
2.611333735617408318e-07
2.690608133624637546e-07
2.448777567479570576e-07
2.317962818300866834e-07
2.465700087300225383e-07
2.786916532448426856e-07
2.464913408470431341e-07
2.583742010834418998e-07
2.920106441460601238e-07
2.600341202090287223e-07
2.575436899913678942e-07
2.567057900584314579e-07
2.459414807474523254e-07
2.783085434770040804e-07
2.355238530439139811e-07
2.373970935779237091e-07
2.748955295011485660e-07
2.540028002009276671e-07
2.511149039872816727e-07
2.554849099899680384e-07
2.405296422444111672e-07
2.686193273436781918e-07
2.590650294723016770e-07
2.464940330819332827e-07
2.463997875487114945e-07
2.695580510748450592e-07
2.546130642308109977e-07
2.561208295611318348e-07
2.828531303744644715e-07
2.504693799670328091e-07
2.514851037983949470e-07
2.456426024470520618e-07
2.832879797804874633e-07
2.542450349539383806e-07
2.282829915487065144e-07
2.560312521272277756e-07
2.808372403755006764e-07
2.552315785761982882e-07
2.512024310614471086e-07
2.628856673654058829e-07
2.536074253121474524e-07
2.212513225191565821e-07
2.788295557356429165e-07
2.310615598392308438e-07
2.342460475428452878e-07
2.478766437539202751e-07
2.604362532532146049e-07
2.654247181070196140e-07
2.761891295391015346e-07
2.558160087288685111e-07
2.802280079106261017e-07
2.750721704816612332e-07
2.585377953990199958e-07
2.667564813041442074e-07
2.517088352694322118e-07
2.323469779231831996e-07
2.455564842708957354e-07
2.541923833913489585e-07
2.558774857167651245e-07
2.770476406882319760e-07
2.587654690667698158e-07
2.555130381069850244e-07
2.571630577047584969e-07
2.640942605546723513e-07
2.598907009861247350e-07
2.641094409068169900e-07
2.545934733278078426e-07
2.511544558930809236e-07
2.741351297562665947e-07
2.478327614728777683e-07
2.586585162196977726e-07
2.612553375622665823e-07
2.534632769348622368e-07
2.279148607692770248e-07
2.457163104724689571e-07
2.737539355273008331e-07
2.857617425183801456e-07
2.678326727377585915e-07
2.676087575027542250e-07
2.261748050760834170e-07
2.603183720129427841e-07
2.530063926890205938e-07
2.822146964126970292e-07
2.339558579197348883e-07
2.624221440446633973e-07
2.744317675167250450e-07
2.522353334618674772e-07
2.338822295693061298e-07
2.502798685801092407e-07
2.403072631987577471e-07
2.604469589326075305e-07
2.304864620666282453e-07
2.771948416844009212e-07
2.429019735354833186e-07
2.234215558247189504e-07
2.500657792973802477e-07
2.817227911059755449e-07
2.605721268120204626e-07
2.646386721980061469e-07
2.504749700969398717e-07
2.515969077462110454e-07
2.468846457928387862e-07
2.610096061195692150e-07
2.449700948437697258e-07
2.436005357459516015e-07
2.670400573348428006e-07
2.365791115881755454e-07
2.796376006029996952e-07
2.562551087732795473e-07
2.401950572030878052e-07
2.649835734999477755e-07
2.701626974444177209e-07
2.619775129755240817e-07
2.477864265437828466e-07
2.857460563539764066e-07
2.510577858203836875e-07
2.418133110536882430e-07
2.608932431127172289e-07
2.213273059928010989e-07
2.469944064841687559e-07
2.333558966642522719e-07
2.368519584668188514e-07
2.442938316291624142e-07
2.247925277739553895e-07
2.691972735608983448e-07
2.430747733228759048e-07
2.583091660208263502e-07
2.713522121347006667e-07
2.568932680112631184e-07
2.635497836079923164e-07
2.475036181833615710e-07
2.626210897846427088e-07
2.456473827280498175e-07
2.552327272431469838e-07
2.623856822981081262e-07
2.393933016785815843e-07
2.626389655652285588e-07
2.800117216586333645e-07
2.501837437177546558e-07
2.515296804390247274e-07
2.647720875764398629e-07
2.809206989378338677e-07
2.335505324063540188e-07
2.588738591172460993e-07
2.589919519118836442e-07
2.595116209669326572e-07
2.345317748268494750e-07
2.494386174110327976e-07
2.575325568727056272e-07
2.307470577834645174e-07
2.324949058004294240e-07
2.462293645305036412e-07
2.504839347380721976e-07
2.364860677777935846e-07
2.607732440386476122e-07
2.753587595688257667e-07
2.497940574393325523e-07
2.653359173797443299e-07
2.456034311772235727e-07
2.569261476822016702e-07
2.505870524801141258e-07
2.377046246366675330e-07
2.622025013573858836e-07
2.548148442235064636e-07
2.443800408042000873e-07
2.630308342710623499e-07
2.476689753512670855e-07
2.454910991204581696e-07
2.968658210374941437e-07
2.349671906490380594e-07
2.595412145323298894e-07
2.648509384408902382e-07
2.503232450938461680e-07
2.843789317320135983e-07
2.605899954667047393e-07
2.621532476148189451e-07
2.496349224872524801e-07
2.453523240898366548e-07
2.918392086605457105e-07
2.575644771707857436e-07
2.444045133390756573e-07
2.698102302699389108e-07
2.843898684952672765e-07
2.745402368853868417e-07
2.662434044012799466e-07
2.395855213255645728e-07
2.640475663337932352e-07
2.376131262880635493e-07
2.393741793436356790e-07
2.606373038681844126e-07
2.506108679020662798e-07
2.538055946136269035e-07
2.805674764634987380e-07
2.808887995140850549e-07
2.642825487190113947e-07
2.405477156202714702e-07
2.893477945351882106e-07
2.689225363748627850e-07
2.865077709324130741e-07
2.657275478562423991e-07
2.770368752444956277e-07
2.334122426450439950e-07
2.742210206002250932e-07
2.923657197285110667e-07
2.751644991282831912e-07
2.681783666368268042e-07
2.715793584102993197e-07
2.630172691989716144e-07
2.566263627449999151e-07
2.810299903351532415e-07
2.389509219645873673e-07
2.684910372689683182e-07
2.447923183125802522e-07
2.513122823997109944e-07
2.400909965840175582e-07
2.905756849594860068e-07
2.813864010400896737e-07
2.310886121285537215e-07
2.626351738832895452e-07
2.776335681613578750e-07
2.738855890220614624e-07
2.426766288561598831e-07
3.114983554092345106e-07
2.864865814534802163e-07
2.857453243956089675e-07
2.607344847732825225e-07
2.907730221107908039e-07
2.798720048241858690e-07
2.797851085375029497e-07
3.157738810867390037e-07
2.626647439730042139e-07
2.842947167693315125e-07
2.422678324101195179e-07
2.495342278807945878e-07
2.767014349856269629e-07
2.628602819387706119e-07
2.722042792108975716e-07
2.634447087288928289e-07
2.873977817692278260e-07
2.775016488696992703e-07
2.613013908560865684e-07
2.491422872951767983e-07
2.752442401266209402e-07
2.691131420385161975e-07
2.891137054673038609e-07
2.581717706292527860e-07
2.744325646372783534e-07
2.646391796199292849e-07
2.664245432449810809e-07
2.850876195293260419e-07
2.615027925975192448e-07
2.914487041335396043e-07
2.669345569389662291e-07
2.777405947874728015e-07
2.914923113150731122e-07
2.841928716867471467e-07
2.633395052368852362e-07
2.829913045626224582e-07
2.725132587839478484e-07
2.690980300788777147e-07
2.807683900039353963e-07
2.877153922384808012e-07
2.958474019984060870e-07
2.569720747113130271e-07
2.571665570046190529e-07
2.504663300440031700e-07
2.965847132878312945e-07
2.446133536172188315e-07
2.654375680439436910e-07
2.618359106228172453e-07
2.824642743840062995e-07
2.415899425893935126e-07
2.371201964841896733e-07
2.515768417506740646e-07
3.133997077573422528e-07
2.735800484075320693e-07
2.903899226074778717e-07
2.675446985175832089e-07
2.635152458792025997e-07
2.438255961852620331e-07
2.685965287825392909e-07
2.845165445721684988e-07
2.473670928562881159e-07
2.586760088869718830e-07
2.807064478826321068e-07
2.872407986306583870e-07
2.544029521539917707e-07
2.679606732917951523e-07
2.624394794442742622e-07
2.828447467723575906e-07
2.829822624552129857e-07
2.588558117410715885e-07
2.541422254698555774e-07
2.902962202247357327e-07
2.686117977871700335e-07
2.567385153878945770e-07
2.819501084878244606e-07
2.675580880227240355e-07
2.572209561214385810e-07
3.310140706994754050e-07
2.564929899644715035e-07
2.346094416686024310e-07
2.782472846830118871e-07
3.094408678187576295e-07
2.741097220846203995e-07
2.713996930966102020e-07
2.804970091918504279e-07
2.748234642827061277e-07
2.693776388409438414e-07
2.882980779473984303e-07
2.885630023578064321e-07
2.815801358006961398e-07
2.636665187301022721e-07
2.576496703858195916e-07
2.495093617312778220e-07
2.830875872899848108e-07
2.840432888367839117e-07
2.891447073692683894e-07
2.741962914991276629e-07
2.798497290581781180e-07
2.976875735698551247e-07
2.699120903688261212e-07
2.852343556575253021e-07
2.856812322852915196e-07
2.679804302583881082e-07
2.678460837501501509e-07
2.749312044866542706e-07
2.825222321682031820e-07
2.945418412289958307e-07
2.959250775434403108e-07
2.932382968705363746e-07
2.543784196054751527e-07
2.831340122643081244e-07
2.631362446293174148e-07
2.762837363569300319e-07
2.674347672242192436e-07
2.770927463682976647e-07
2.843232589437685109e-07
2.733871239112458609e-07
2.524058989578006809e-07
2.593766266280523520e-07
2.630912355332605921e-07
2.641438076788553769e-07
2.772929316475537316e-07
2.925051965928622428e-07
2.779562831197385876e-07
2.897833299470338660e-07
2.519502668716292901e-07
2.628132965448212273e-07
2.781658246295413571e-07
2.638835797345633472e-07
2.819662718680837298e-07
2.453257669280283362e-07
2.593126819871487618e-07
2.770896280782373385e-07
2.732849065548599748e-07
2.964917829674646035e-07
2.865884672479748494e-07
2.583118826471926089e-07
2.629743289798721266e-07
3.076905935232195619e-07
2.942064047779118995e-07
2.894180958500100349e-07
2.461218777090957120e-07
2.482845912088860819e-07
2.752295612089918331e-07
2.407640164138113848e-07
2.495824427528191729e-07
2.669610333059806380e-07
2.698465550468578044e-07
2.929470386775542953e-07
2.907654722369893250e-07
2.839206380751975226e-07
2.917185812330799705e-07
2.956528923176605287e-07
2.749424416179767751e-07
2.414455444948557230e-07
2.536899251907358152e-07
3.028218033956491791e-07
2.579396155256182207e-07
2.908743514903481314e-07
2.480488663607871890e-07
2.420129991588609310e-07
2.781921971406029765e-07
2.773031378407196126e-07
2.953224801851178031e-07
2.640033019018136831e-07
2.357640190758268482e-07
2.552861113657700879e-07
2.822499465096885157e-07
2.996657830212050845e-07
2.754314321497844676e-07
2.537341818822385571e-07
2.838387199517020174e-07
2.863496884791595499e-07
2.612832040709331297e-07
2.695495915263822461e-07
2.775173704802264428e-07
2.663517085933065056e-07
2.759377648698874412e-07
2.620765910927125175e-07
2.761623085448541688e-07
2.636961662539237761e-07
2.778252134571085228e-07
2.440312544442346793e-07
2.541671956394467660e-07
2.734170121664197756e-07
2.619512456302944243e-07
2.843736018602904268e-07
2.765833781873150668e-07
2.820172811146132625e-07
2.535091040147045223e-07
2.684718996853584727e-07
2.797318602916468918e-07
2.874260819799009160e-07
2.850731723123751792e-07
2.887112472151239946e-07
2.636057871740183990e-07
2.860924978674546946e-07
2.729645996573457791e-07
2.853620793281533552e-07
2.595533060747886614e-07
2.450919701112015349e-07
2.691599189007847347e-07
2.698980316317113015e-07
2.795200575970718297e-07
2.864979016362224217e-07
2.591760697895491122e-07
2.723974979683333628e-07
2.847379841432551750e-07
3.118842639925953109e-07
2.960617492854441314e-07
2.589568493307387204e-07
2.921085867097557922e-07
2.584290839215697034e-07
2.839236426093035092e-07
2.852869917886170282e-07
2.613329267999820648e-07
2.570470561639578417e-07
3.273607969428362548e-07
2.917979506487480738e-07
2.766458833040324975e-07
2.793596798375868706e-07
2.896261742489839830e-07
2.950262152935935276e-07
2.686491512348486238e-07
2.672567500934216877e-07
2.838007332982869923e-07
2.805079340068029302e-07
2.479878962435852650e-07
2.579446999141946045e-07
2.489989665847469990e-07
2.721535473360089316e-07
2.685238858103103460e-07
2.926020037520577099e-07
3.198240096463246244e-07
2.584903281773976100e-07
2.689281164118200157e-07
2.784159765257585802e-07
2.771765569314529609e-07
2.946110424806425828e-07
2.763297721452712924e-07
3.150411739616791882e-07
3.183789979189756218e-07
3.281880911294036449e-07
2.773245218832183400e-07
2.425920593679947957e-07
2.914998607756966841e-07
2.866090624082176646e-07
3.090643517732466334e-07
2.816045270167931073e-07
2.597934284276685429e-07
2.745820041630683788e-07
3.042593594091125231e-07
3.079496145775415047e-07
2.716726170990266356e-07
2.772276567137343355e-07
2.534600417307575426e-07
2.381075049851193332e-07
2.927355304781047798e-07
2.857977572318177186e-07
2.888523962124122043e-07
2.616874070202856185e-07
2.906062472591934825e-07
2.528934324902771146e-07
2.650963604428144145e-07
2.595737566324737913e-07
2.952843381367750629e-07
2.683766039544267037e-07
2.858199977294100249e-07
3.237903005010892259e-07
3.181590369808867931e-07
2.650904687370362465e-07
2.831376437920936021e-07
2.599382757418861149e-07
2.906830517502778124e-07
2.688412128911435311e-07
2.889437434958040824e-07
2.998922698985663186e-07
2.657138867922417505e-07
2.623815579341587903e-07
2.826728288045388569e-07
3.034979960855976235e-07
2.655435481994119774e-07
2.744292182749372317e-07
2.867465042790892240e-07
2.940807542774203689e-07
2.778887278403063377e-07
2.876394719237814779e-07
2.872499580813794724e-07
2.930861597847932070e-07
3.050479461827398498e-07
2.614946583426394949e-07
2.726812562859464982e-07
2.739834243261140393e-07
3.027174975429915029e-07
2.939086643323633277e-07
2.783019158264529142e-07
2.614821771610384253e-07
3.161130919001135695e-07
3.050694513010144776e-07
2.556819812931025794e-07
3.143197198513509206e-07
3.141029587200590260e-07
3.013649331240796801e-07
2.645303932628648133e-07
3.350585630636665027e-07
2.776487582105747159e-07
3.261953164232624151e-07
3.536402876310661919e-07
2.840948937045525950e-07
2.994084316276293167e-07
2.824661227818931246e-07
2.976043192615192139e-07
3.165304820739298207e-07
2.741110242316131321e-07
2.862840622871597443e-07
2.720721982075914232e-07
2.680734492096072051e-07
2.872603636236397990e-07
2.843082885829973917e-07
3.011631591246091370e-07
2.669842910587203213e-07
3.072600427845025994e-07
3.031999448580560989e-07
2.782143126096699889e-07
2.921693192969900467e-07
2.900912803429261161e-07
3.231074850416175032e-07
2.867781349904648861e-07
2.853080985929834549e-07
3.055850880095740610e-07
2.836835545493471730e-07
2.783073848250453966e-07
2.912658829915791506e-07
2.912702035072208340e-07
2.989834161313309743e-07
2.998149748954904581e-07
3.115216480051505646e-07
3.028195571547631257e-07
2.742141802781076915e-07
2.910756610790564633e-07
2.821146176583203550e-07
2.765670943070959651e-07
3.264197471990070717e-07
2.863755444177752675e-07
2.929399097613720971e-07
2.785220689992348344e-07
3.093382053092434071e-07
2.819804487554954449e-07
2.934035313021746272e-07
2.974723362179104816e-07
2.921997276539271683e-07
2.999103343364265949e-07
3.059305536651977190e-07
2.753667742830752949e-07
2.841775404707481600e-07
2.875654573334241018e-07
2.741009954841964405e-07
2.792712369084810804e-07
3.130826383593517514e-07
3.151109607294397426e-07
2.808091631951051645e-07
2.758015703480769124e-07
2.876585183081073813e-07
2.956800246900980634e-07
2.966379114057532204e-07
2.651699171319191891e-07
2.742562756958923677e-07
3.114498869985748274e-07
2.618639316893855667e-07
3.622530310290104430e-07
2.822915158075565649e-07
2.811519926644580388e-07
2.819696964121854876e-07
3.161012538862552022e-07
3.246702753432528490e-07
2.955004412701537245e-07
2.559518890057734119e-07
2.977910598653722678e-07
2.843457558840302696e-07
3.382376691339766353e-07
3.084137044208210921e-07
2.811743495478160927e-07
3.202219105377380044e-07
3.149458555291871128e-07
3.310674392208183528e-07
2.823534385193239083e-07
2.790924990276145501e-07
2.953997284649163512e-07
2.942159293038686224e-07
2.767131491622404613e-07
2.837806535675421480e-07
2.656613913067982199e-07
2.851859566767006792e-07
3.140638907930634195e-07
2.661538702937530846e-07
3.020040510599938170e-07
2.853606106406995311e-07
2.799641597283821858e-07
2.653248762670146978e-07
3.184821811751491030e-07
2.948523422160529010e-07
2.827494997221165481e-07
3.195200528817396674e-07
3.075262749117816661e-07
2.938003863521225755e-07
3.270068956089911995e-07
3.179354536732566438e-07
2.810466606746058377e-07
2.852553686599629486e-07
2.605309651156893721e-07
3.080577539810329462e-07
3.398125646732943734e-07
2.789212488688463084e-07
3.152111777512351715e-07
3.018312534061589579e-07
3.251676783688580599e-07
2.880093462696357395e-07
2.713682695897660603e-07
2.843713150756386164e-07
3.339423064040143193e-07
2.780246643967964770e-07
2.849071734977774307e-07
2.971145248842366372e-07
3.128565350616395811e-07
2.941749226198125016e-07
2.911969506540736149e-07
2.818185073616234078e-07
2.729813691147546898e-07
2.758928302199816691e-07
3.181563229781620487e-07
2.934328842144917517e-07
3.041085151407584540e-07
3.083651689298667305e-07
3.060623440293792402e-07
3.159129705653739004e-07
3.313409408950426916e-07
2.681579366395512384e-07
3.023607519386968280e-07
3.353370003097280862e-07
3.009106114636134305e-07
3.085733965744388456e-07
3.017732152466086637e-07
3.211880915099480760e-07
3.070739318010228341e-07
2.952116004856664986e-07
2.950518157708154449e-07
2.690912981047580501e-07
3.172106412758947399e-07
2.963060619761546392e-07
2.835822329322983532e-07
3.026898488371076770e-07
2.610879164975238347e-07
3.401150927769935280e-07
3.049619742723988207e-07
2.651759311944382720e-07
3.146521340247481724e-07
2.657675583314620043e-07
3.346661266381925745e-07
2.755447100471404840e-07
2.941715362451983098e-07
2.854548378108939442e-07
3.049558697568162050e-07
2.597010066764032149e-07
2.910191945083283565e-07
3.131968130950321256e-07
2.819363516691378637e-07
2.960464566308413558e-07
2.902827596655101127e-07
2.645221138991418095e-07
3.072777042261982613e-07
2.805171042143889655e-07
3.106446170440084971e-07
3.282146399132885446e-07
2.652096586184443848e-07
2.826260084678082582e-07
2.810865563714436261e-07
2.869395429854612457e-07
3.084492637531055821e-07
2.828518882561794913e-07
3.079354948024747819e-07
2.834834355302355454e-07
3.128189574473565796e-07
3.080669598139663280e-07
2.719714265234103554e-07
2.963530620589919472e-07
2.596817120469579413e-07
3.288704230850235843e-07
2.778833947655368112e-07
3.239999744378229142e-07
2.955898887403317628e-07
3.301079493057039917e-07
2.549412335458318473e-07
3.087517250013522013e-07
3.536056492274297168e-07
2.972704168629798658e-07
2.937817684738542474e-07
3.281965080334280222e-07
2.831099140631305875e-07
2.930929941245755650e-07
3.320618192303068863e-07
3.038329051441799807e-07
2.813184451649135076e-07
3.167017644109972904e-07
3.031278963470375838e-07
3.136922975102917891e-07
3.283713027428003878e-07
2.838258361289755402e-07
3.178478918736423054e-07
3.365473283899648911e-07
3.497056612547993783e-07
3.027080426479593795e-07
3.140087981217466111e-07
2.823683656210492205e-07
3.140485019203859988e-07
3.070303096433737480e-07
3.057046669926376755e-07
2.736234139186949294e-07
3.181844961452965492e-07
3.190389405024351650e-07
2.977932993750046976e-07
2.854250238133466923e-07
3.339912247464949884e-07
2.832159912295801080e-07
2.639522769929175132e-07
3.107510767664628942e-07
3.221059048189594514e-07
3.118366775353480975e-07
2.984607268794170552e-07
2.712905041632402603e-07
3.277631023114832316e-07
2.973642102316804873e-07
3.175530214357689986e-07
2.994272372564562295e-07
2.684411604389581617e-07
2.881091983365801944e-07
3.610882144554746487e-07
3.243670574718347306e-07
2.692153294829014982e-07
3.286964838540100362e-07
3.213145645810953553e-07
2.992632421975696959e-07
2.768496685446550569e-07
2.805280300485500611e-07
3.516923373887974949e-07
3.130916477766536666e-07
3.198637381290112844e-07
3.366915611352834740e-07
3.251129934441822597e-07
2.738629538043221151e-07
2.966046044195000229e-07
3.186288058123910414e-07
3.109706290902871377e-07
3.097376831973952369e-07
2.910712210235688577e-07
3.000758870092385157e-07
2.991935425929957013e-07
2.680260479996969304e-07
2.872364730478781011e-07
2.736577472291801791e-07
3.024556941671934714e-07
2.620370124407079036e-07
3.234143400129565626e-07
2.792085363609468975e-07
2.888083727515228097e-07
3.431451092792263614e-07
3.015961026017172724e-07
3.782557705551038446e-07
2.888141460717646628e-07
3.251297748693125354e-07
2.959833931512744268e-07
2.902043444894376329e-07
2.870646106801133240e-07
3.107715702525659023e-07
2.937240842740948363e-07
3.380799450492265699e-07
2.765038474718680257e-07
3.340696609624333087e-07
3.016057651448523770e-07
3.236257193307192782e-07
3.108399442020757550e-07
3.132766966161333432e-07
3.211124613003776048e-07
3.641538596440441593e-07
3.056628131413537437e-07
3.054946344116975510e-07
3.321144383759434299e-07
2.966972435649986710e-07
2.874248772350755435e-07
3.451215870957437296e-07
3.398864086134797070e-07
3.243592155764979679e-07
2.899999958226717084e-07
2.865727823946965329e-07
3.228596992371020852e-07
3.640819637852621055e-07
2.734968553903567027e-07
3.147077036030827693e-07
2.730111317604326237e-07
2.988869918538337106e-07
3.344181581098317328e-07
2.948226232656293482e-07
3.367014369596720886e-07
3.150548693107972853e-07
3.448913313051453372e-07
3.513624347955134182e-07
2.893187851693893170e-07
3.057512738131327369e-07
3.150213616551797050e-07
2.874480978350154310e-07
2.943919709578419864e-07
3.223381186194532091e-07
2.976904164675579396e-07
3.166928637761041238e-07
2.964801137909747234e-07
2.905347056818505798e-07
3.161079295571817613e-07
3.525457490865255821e-07
2.940250910347698819e-07
3.226185257400062144e-07
3.102934995171375378e-07
3.181235352472731150e-07
3.517205068862589485e-07
3.093842644149623319e-07
3.331020907045159972e-07
3.025377235595209078e-07
3.638731874495329404e-07
3.392346925634201389e-07
2.954317232273641794e-07
3.209970599413789193e-07
3.107615076215442257e-07
3.304704807914866587e-07
3.256674999748040134e-07
3.061510386204403893e-07
3.648646345917455029e-07
3.212576732558520544e-07
3.197253263178861751e-07
3.164577516743413098e-07
3.045333482241143925e-07
2.939872048789623004e-07
3.596989204096143582e-07
2.879077904184446708e-07
3.421111952451524359e-07
2.941287892065253749e-07
2.953580719106023560e-07
2.799022477730634227e-07
3.519314506686864754e-07
3.286197750693303531e-07
3.048407759592991449e-07
3.059809649764793219e-07
3.257654893420851409e-07
3.153743723537238456e-07
3.160704294832501553e-07
3.344956966915700971e-07
3.139523490805823470e-07
3.005756888123847841e-07
3.208539964115871339e-07
3.280330528726272786e-07
3.317202439193006765e-07
3.074662055756196467e-07
3.331707236719742000e-07
2.814756961663078859e-07
3.055114651864563646e-07
3.387808532161163710e-07
2.998181563076225424e-07
3.139645678027219376e-07
3.147145281149939385e-07
2.914506300057124843e-07
2.872789820840663015e-07
3.150202837522184006e-07
2.964570235593283034e-07
3.356874316327094268e-07
3.623836441238622400e-07
2.804969405532938005e-07
3.354331081476043102e-07
3.774476653788080978e-07
3.012273100987566707e-07
2.944063125343573683e-07
3.272726845486518143e-07
3.510005044095153184e-07
3.145520625392053285e-07
3.254037170160922223e-07
3.674478241060196392e-07
3.565117970217428737e-07
2.820346839044491670e-07
3.683921963561050427e-07
3.200028854426771959e-07
3.122780168652217529e-07
3.300577403202152865e-07
3.211867412666213710e-07
3.394592759894495341e-07
3.006519166479046045e-07
3.668674909949776834e-07
3.043073425363359116e-07
3.200992651376324198e-07
3.154753280087728356e-07
3.204592627344777486e-07
3.478126069472663984e-07
3.386416480855850191e-07
3.491930436966248760e-07
3.475227969954281521e-07
3.141472779068819787e-07
3.218842700884954073e-07
3.386672252586430920e-07
3.725018578022288153e-07
3.607812378635263389e-07
3.641518628402547444e-07
3.327592005410019349e-07
3.160360559478053564e-07
3.211159896055824616e-07
3.087945464831222624e-07
3.302455550648370419e-07
3.777104373705755470e-07
3.758971959178838786e-07
3.916853275856948791e-07
3.540512355446436712e-07
3.367069862669094264e-07
3.438251954910294623e-07
3.205130825408229259e-07
3.147386600255816996e-07
3.753457030951911105e-07
3.596979986877791216e-07
3.151471098061996143e-07
3.133006449523721746e-07
3.012367228275461438e-07
3.241004511004883280e-07
3.566730541984271998e-07
3.215161684655460425e-07
3.480998531958703833e-07
2.889643040427456337e-07
3.490024945387517154e-07
3.129720298401401415e-07
3.242619294133917062e-07
3.834587906706872773e-07
3.279889810064927956e-07
3.968274072236459251e-07
3.349723013540587364e-07
2.875516673084327170e-07
3.154413068231645088e-07
4.306735321586664023e-07
3.618639714951358003e-07
3.155458130159967420e-07
3.409693102407893914e-07
3.539955168696883854e-07
3.048444025039668182e-07
3.688188377212159501e-07
4.498759871241218824e-07
2.924180454029980760e-07
3.172139405303040529e-07
3.678508410524051163e-07
3.351523940497251045e-07
2.997173443748167248e-07
3.589532753359041401e-07
3.253767590453582058e-07
3.240367624181783549e-07
3.192151756470732867e-07
3.578316537861092914e-07
2.984546170153714196e-07
3.598786714817227914e-07
3.516080590633501863e-07
3.762671131656317109e-07
3.359503948523295374e-07
3.485631633477121912e-07
3.816852430313879979e-07
3.336731337544362374e-07
3.963860709813201767e-07
3.212234831655382386e-07
3.567720892194136068e-07
3.461832524334579782e-07
3.643138728353080273e-07
3.265418908842005260e-07
3.177397500165018212e-07
3.535068944920840583e-07
3.403910339439881842e-07
3.197066697910470695e-07
3.493762123196920910e-07
3.925779688291919713e-07
3.605045445388303195e-07
3.015149629775769287e-07
4.020874669556373302e-07
3.334246897484222645e-07
3.957776835426633311e-07
3.432356375042498281e-07
3.659549900484811620e-07
3.423715755038563413e-07
3.651513181058227119e-07
3.189492970050263711e-07
3.879493223216571142e-07
3.090463310640248478e-07
3.259597802993556160e-07
3.098674146937786384e-07
3.187755737049186408e-07
3.768558495343100024e-07
2.968771241137224237e-07
3.431122877634992373e-07
3.772338334609249207e-07
3.247099883427483451e-07
3.740854435605707157e-07
3.178577981421829190e-07
4.173226799669488948e-07
3.335655815981578319e-07
3.326930939791483221e-07
3.481599054997880202e-07
4.057958407715546799e-07
3.659098883831533317e-07
4.280938821561367236e-07
3.483406786259706148e-07
3.560816322148962163e-07
3.724841385222902426e-07
3.618559321162227664e-07
3.679936940786779867e-07
3.001384586211390055e-07
3.523109105123649111e-07
4.290455709981568776e-07
3.461368766675570928e-07
3.441205560472047149e-07
3.909025885579340949e-07
3.901752905870006927e-07
3.671273532883513623e-07
3.654372892923423389e-07
3.552432484769214507e-07
3.775285126999714792e-07
3.294899692214653546e-07
3.918336766635872922e-07
3.333323787499334094e-07
3.532884671530854359e-07
3.762456307091171642e-07
3.754907292220746548e-07
3.384949378952516454e-07
3.272511959725800806e-07
3.569373027258637448e-07
3.227359186843888629e-07
3.653509880308815604e-07
3.291409164294556920e-07
4.165040401514799259e-07
3.633499737750094603e-07
3.999729195353232360e-07
3.713654240095320257e-07
4.064678133162132484e-07
3.880319783171069965e-07
3.663678199479002187e-07
3.574341829904070062e-07
3.651168555833778519e-07
3.584926354296834083e-07
3.842788159783418345e-07
4.102473296492245058e-07
3.910661345822908134e-07
3.264957039120366334e-07
3.196076666309284703e-07
3.489677017966444982e-07
3.633140004908374281e-07
3.556117363705438174e-07
3.817543844842073455e-07
4.032827769585467474e-07
3.824200826382525463e-07
3.731275543485367213e-07
3.163265936539425260e-07
3.914895775237953488e-07
3.787552968536603125e-07
3.510915799119397714e-07
3.800390760190686078e-07
3.818232776273910997e-07
3.497729635164164958e-07
3.621475619367330386e-07
3.683703466395764667e-07
3.443249388264009398e-07
3.906216260478818811e-07
3.753248412522628624e-07
3.490952178701430070e-07
3.493432874000579382e-07
3.342597950902255004e-07
3.679079558113368185e-07
3.798225485089675403e-07
4.053144629421696834e-07
3.909103867876411891e-07
3.524852477297347316e-07
3.741241415363001323e-07
4.245281862625577552e-07
4.143782787631022880e-07
4.231129099885374764e-07
3.605888087652803898e-07
3.831355149252232545e-07
4.105302361642615193e-07
3.405608019962744028e-07
3.757540504930549010e-07
3.683268095507762210e-07
3.757011469934726988e-07
3.732254785544806535e-07
3.863606811337152238e-07
3.770397498263046574e-07
3.862922978979161431e-07
3.715375309510245492e-07
3.343176380055953409e-07
3.589189751439916054e-07
3.886745384936345455e-07
3.679621843004082307e-07
3.424974025675171060e-07
4.120577567331611312e-07
3.882227712715045111e-07
3.986940055036855495e-07
4.152562181166049042e-07
4.111011180141263400e-07
3.497941743761333029e-07
3.947851148790792354e-07
4.309883924166341856e-07
4.057344060205442704e-07
3.418588742040021781e-07
3.815354052298788341e-07
4.101000283155450203e-07
3.450312982636832193e-07
3.889340835935113974e-07
3.723890619523863723e-07
3.837685506911087755e-07
3.711963994377924750e-07
4.330792002839421403e-07
3.956711450796979319e-07
3.614240249599105715e-07
3.783642668083056194e-07
3.628161721386789867e-07
3.670212665319500847e-07
4.163707726139407663e-07
3.134614413777756243e-07
3.858137948997717433e-07
4.284238137770834663e-07
3.490333885497379393e-07
3.429668674880139269e-07
3.810800457595574456e-07
4.922721618151586251e-07
4.002880449098364085e-07
3.509978949766777357e-07
3.793156085537128367e-07
3.818240238374956167e-07
4.005437328824372805e-07
4.226781374683161939e-07
4.434531425314409444e-07
4.374276468721443019e-07
4.198759810423502224e-07
4.022978589003888840e-07
3.997459231967908439e-07
4.008846576251973801e-07
4.239593437642339860e-07
4.130873244971413541e-07
4.115818651172240916e-07
3.853333113888732133e-07
3.915289259708670242e-07
3.840528460245333053e-07
5.068644096389998882e-07
3.971275170975270054e-07
4.882328875290050194e-07
4.302003922103060188e-07
4.394518285715129766e-07
3.991703039029662196e-07
3.763321405997443413e-07
4.910807138502207224e-07
4.342394123579639458e-07
4.189453962474144634e-07
4.554051607626117595e-07
5.303197537802735202e-07
4.313654963270183487e-07
4.694277270936079954e-07
4.859769537606457770e-07
4.116377763578518106e-07
3.632566288309820257e-07
3.723574228871844257e-07
4.376712158547860924e-07
4.518978323625468175e-07
3.959731098582426539e-07
3.836756329838264810e-07
4.466122374074204805e-07
4.434827924782275638e-07
4.415885972704900903e-07
4.634724944628794724e-07
4.196967890415438740e-07
4.154897081048116151e-07
4.072953655863133167e-07
4.488268013252842286e-07
3.450983795381677656e-07
3.558987166673865284e-07
4.119951205259146203e-07
3.757802022904761706e-07
4.003833471724447981e-07
3.912215421733994105e-07
4.912198985241630737e-07
4.352239787136653131e-07
3.806395303346993399e-07
4.577733679486944109e-07
3.725062108017147337e-07
4.706862783629049527e-07
3.972352836115758046e-07
4.389822310392773120e-07
3.547099074219021460e-07
4.044566846440477997e-07
3.899153156788655527e-07
4.441111587977894060e-07
4.558583851450514525e-07
3.890048827778862368e-07
5.010186812016859055e-07
4.245194920727826849e-07
3.987726105760450927e-07
4.040261369158795317e-07
4.982397336693366359e-07
4.805775716769928393e-07
4.568782754181930716e-07
5.288665021704203426e-07
3.745628214565933248e-07
4.029211971223961138e-07
4.087019616506525076e-07
4.190608831295812926e-07
4.895909705538209552e-07
4.198121316492057549e-07
4.449146844452522150e-07
4.850411402627892856e-07
5.038804992137415047e-07
4.709994240809317720e-07
3.992510291585166099e-07
4.533527500088673658e-07
4.914757125985322879e-07
4.471056563262139903e-07
4.240367178571043606e-07
4.457777365924020369e-07
4.601769983319353752e-07
4.235046675183866412e-07
4.549962438108610022e-07
4.392675884925889143e-07
4.331406808649175759e-07
3.924551391480568633e-07
5.025191299464811727e-07
4.541365661119118982e-07
4.109359238541567920e-07
5.020286906702752919e-07
3.625195844068685368e-07
5.593176083210648874e-07
4.311709927381835101e-07
4.560425485819562406e-07
4.608005586813576002e-07
4.783897622456402639e-07
4.439242312803744860e-07
4.270773233751871695e-07
4.535232165184121886e-07
5.255350936042891008e-07
4.527752903267564815e-07
4.487298120486556123e-07
5.439511662972222645e-07
4.176520809991955463e-07
5.235287732853436147e-07
4.059911883857753517e-07
4.200393367627824128e-07
4.569141115365423962e-07
5.755367791480563229e-07
4.706069449575017488e-07
4.166821778888392166e-07
4.268962864060047739e-07
5.346483250324608422e-07
4.272269697399027725e-07
5.170438501042244587e-07
5.285809639006675879e-07
5.182923194051676875e-07
4.109153689570987464e-07
5.541194885438270055e-07
4.517434498248310604e-07
5.074577087841301793e-07
4.249032953833791172e-07
5.380252067934096552e-07
5.590399712387695972e-07
4.438168796851995412e-07
4.816182932496457518e-07
4.370718323596599407e-07
4.950637731437428831e-07
4.906694008537058526e-07
4.709497139429380770e-07
4.983265788241670981e-07
4.949513699585385991e-07
4.640021755814372178e-07
4.880138168678183541e-07
4.867424541974197534e-07
5.028981776621991759e-07
4.911574612451839702e-07
3.907383141819543126e-07
4.649828092218449143e-07
5.112183084451655747e-07
4.578052340752107196e-07
6.051614753883350173e-07
4.458875766985381447e-07
5.219894206252624547e-07
5.163981123526646811e-07
5.230226058581315744e-07
4.456287681373845933e-07
4.187148963325803341e-07
5.678922637765084431e-07
4.546980975806777666e-07
4.742253923251903403e-07
4.934361049479680457e-07
5.608273349676877519e-07
4.271525675876190001e-07
4.431013991160171332e-07
5.324304679065248990e-07
4.871137022672738427e-07
5.587683369389615048e-07
5.855911049134908074e-07
5.243536132888713591e-07
3.976083375125130880e-07
4.139985578533827112e-07
4.066886262941954963e-07
5.540928779796317343e-07
4.963264114442803238e-07
6.703031338721511762e-07
5.072050545914012677e-07
4.962910021993113929e-07
5.381392339981877736e-07
4.529206352443541118e-07
5.004473543970299071e-07
4.930551171390935214e-07
4.776460518715098311e-07
5.491082185872183153e-07
4.311143307501226216e-07
4.768092874749677963e-07
4.881560323416433318e-07
4.772266016165663972e-07
4.883107032519805679e-07
5.680272941370692166e-07
5.334043618083408948e-07
6.067328912305516074e-07
6.328163725377715762e-07
5.359767985378465895e-07
5.397099297722450341e-07
4.781035488649118862e-07
5.372382868640776735e-07
5.009156332390994040e-07
5.319297568402401542e-07
5.370547943076269422e-07
5.894373602977714894e-07
5.165213047478244658e-07
6.409020159567466686e-07
4.887026225207554960e-07
5.370551055657247268e-07
4.699460310959269030e-07
5.604162630371369765e-07
4.591864087308989772e-07
4.767020163919692951e-07
6.618755275491551982e-07
5.638258993796775820e-07
5.416120012794663943e-07
5.303864239552698030e-07
4.664359897887866688e-07
4.940619725293767173e-07
5.344419842535229536e-07
5.642724225407607170e-07
4.500582120282919266e-07
4.687799021211649477e-07
6.042257374399142365e-07
5.814299213069018119e-07
4.241481741968015307e-07
5.537726011126655731e-07
5.715985064254160939e-07
5.844192968616387354e-07
5.769077731724067442e-07
5.555824904560911726e-07
6.150708475536851782e-07
6.029877968343144039e-07
6.349387952170198627e-07
5.208007270052828866e-07
5.429174489007046614e-07
5.028268487870047392e-07
5.826116422138124251e-07
6.056557253244114901e-07
5.376632978454717667e-07
5.432289031905888376e-07
5.370003311217050164e-07
6.083600320480395130e-07
5.030767936912000500e-07
6.079892931337613880e-07
5.036210593972078248e-07
4.845594365078524851e-07
5.525829143068051518e-07
6.605212648054330620e-07
6.804048980082076013e-07
4.693433422602007319e-07
5.171795852568365424e-07
6.009254226139054835e-07
5.291114539068283724e-07
6.519733986351974439e-07
5.695692887819460841e-07
5.769527270909508845e-07
5.635165816945039044e-07
6.640174733339454705e-07
6.406646668546306269e-07
5.206921921947561645e-07
5.399263652926658056e-07
5.233413391779272774e-07
5.407451796555981575e-07
5.546239926869058697e-07
6.606358655626181834e-07
5.539372763926940177e-07
5.558818280174502409e-07
5.052166219990079082e-07
6.818763953902106229e-07
4.748974708185317493e-07
5.343002824418682668e-07
5.809572514608402023e-07
6.080530168148458844e-07
5.971153149673410977e-07
6.236127098509177483e-07
6.111597011897160063e-07
6.427625810581913871e-07
4.883156981479803944e-07
6.669355390627876730e-07
4.700622540709911405e-07
5.803828056923580314e-07
5.698618647922002503e-07
6.151163050540049233e-07
5.575785163004501674e-07
6.141367983320721174e-07
6.347520668910432105e-07
4.737908978307801130e-07
6.577226979134235274e-07
6.454053472885385071e-07
7.969571681382735837e-07
5.909762620038477612e-07
5.228633845615367385e-07
6.939436739310930941e-07
7.159338941521169758e-07
6.339466039440211261e-07
8.519049861640811142e-07
6.477115263755424840e-07
7.551883761799958378e-07
6.798862404010176915e-07
6.231155964936422747e-07
5.187805588957760966e-07
5.746289912076913111e-07
5.745889496874152111e-07
7.444862309844666377e-07
6.432582367652115343e-07
7.112514678208079542e-07
5.950399053927114067e-07
6.231905427127755959e-07
5.817039436914247202e-07
5.435207405016613214e-07
6.118951211804602667e-07
6.639265425595317996e-07
6.455356249633141102e-07
8.260731312313007297e-07
6.533609139020478946e-07
7.105689928607619607e-07
7.075219186407673961e-07
6.398782475085471235e-07
6.987020588375163507e-07
6.826324753694714275e-07
7.442299209493686245e-07
7.175109850493605774e-07
6.233233094882753039e-07
5.663428270309385258e-07
7.087761104291007984e-07
6.378255556331229395e-07
7.532628329056283698e-07
6.360343576393140394e-07
7.888159443706923188e-07
6.559735776174567592e-07
6.372153160095357780e-07
6.245400758057561980e-07
5.908156319846289756e-07
5.759890220874874496e-07
6.799859401985956417e-07
6.520867699074947317e-07
6.022794707697147214e-07
7.224349593094225455e-07
5.629103668683420267e-07
7.826298139878149822e-07
7.136758576667106723e-07
8.291771895287673960e-07
6.001411189843520807e-07
5.136615239658932964e-07
7.148691042549505384e-07
6.960318002739785616e-07
7.464933017860460651e-07
7.249977026049383005e-07
6.568112484187499452e-07
5.481634729081645340e-07
7.612082190472127393e-07
1.094028091402010910e-06
7.524019365140563771e-07
8.466924337180825089e-07
8.597793148594304787e-07
8.688796013927280609e-07
8.066015284396739121e-07
6.804537125655608289e-07
8.040925724147761607e-07
8.892812112257161008e-07
7.466121954356495405e-07
6.359882948243180893e-07
6.954460520735429168e-07
8.330203421390926573e-07
7.425840212858024135e-07
8.504233837993319204e-07
6.845005811641747431e-07
8.741035768711459375e-07
8.798098352128650162e-07
8.442214224410067462e-07
8.988901322588627713e-07
6.492659957542909594e-07
7.823347638828011479e-07
8.283661249287863644e-07
8.510065240977772867e-07
9.148213481238570237e-07
9.164870653033304564e-07
8.800372342591466689e-07
6.967113250810417155e-07
9.483294008287618275e-07
8.316525977460402657e-07
7.818796236461270749e-07
9.112657236487149294e-07
9.219544266163778107e-07
9.338741407649338223e-07
7.610063490742536087e-07
6.397092978573450901e-07
7.012760600502464626e-07
8.561278087799652159e-07
7.685509079904599156e-07
7.284990903561803980e-07
7.050107011738169706e-07
8.317355278474436875e-07
6.713714178145387658e-07
7.034900856858422057e-07
9.380030937668269261e-07
1.136696806389349827e-06
9.720070502641198276e-07
8.272146119182008187e-07
7.191397251268354822e-07
7.856635839731887468e-07
7.540860993309543893e-07
7.548469138549693133e-07
9.293788505304110641e-07
8.437804261516958842e-07
8.955448707341825042e-07
9.713319788715084722e-07
1.003935741508078510e-06
8.635726606607529426e-07
9.250356093661610505e-07
8.914021093470309622e-07
8.733330089708999270e-07
1.015747890133984673e-06
1.051149264270636731e-06
9.709660157991166793e-07
8.926266652884678621e-07
7.619378363932680707e-07
9.117748554359076660e-07
8.469330852908947731e-07
9.405687227239840282e-07
8.310497988899743169e-07
7.539244286043738757e-07
9.340315858244057184e-07
9.257382366204455822e-07
1.331957791136353886e-06
9.759442606574045951e-07
9.584142045856536880e-07
9.527665657657172098e-07
1.267230128395393855e-06
9.505792055198451969e-07
1.059663589390577635e-06
1.045625942659595432e-06
1.391373035335462577e-06
1.118182965993536911e-06
9.715160107241680510e-07
1.209114213866665677e-06
8.034874336644140824e-07
1.015800790960910582e-06
1.171367553507845648e-06
1.207285882233423325e-06
8.984044414698766654e-07
9.114984712538292400e-07
9.312858160224230660e-07
8.957475627973739543e-07
9.831967536656085916e-07
1.289297285500388190e-06
8.719393355902632019e-07
9.958154855350116449e-07
1.203675373272307474e-06
8.629301589859190893e-07
1.067202875914270503e-06
1.314374781680668227e-06
1.137357622267959208e-06
9.194520516346413082e-07
9.642713973530237746e-07
1.029378997576658109e-06
8.973167868436212891e-07
1.103217292004401102e-06
1.070880462750010458e-06
1.519943023771555692e-06
1.319675739026981623e-06
1.139599937516439108e-06
8.470876681897706989e-07
1.127856455425042980e-06
1.165891367509411810e-06
1.088944485682874758e-06
9.755650451240665755e-07
7.500507495894802846e-07
1.032929570877286847e-06
1.107042714704768354e-06
8.886911461920364778e-07
1.046745178749767364e-06
9.526107452614229623e-07
1.135988931008334788e-06
1.411643933121120821e-06
1.129763546428817919e-06
1.142770981481826400e-06
9.631664682499412783e-07
1.106749302755769849e-06
1.130151361353784968e-06
1.603481500630025433e-06
1.511425334401744594e-06
1.193532616199064635e-06
1.157865320559796182e-06
1.447744651429973196e-06
1.469395115783448967e-06
1.256686825073375429e-06
1.637933383848679678e-06
9.405552949113848741e-07
1.007803802823327816e-06
1.079887647724788310e-06
1.500018043922191824e-06
1.296512436695602517e-06
1.095393287746515788e-06
1.379243214391595104e-06
1.478124573982497837e-06
1.088538282328476829e-06
1.313775992795832527e-06
1.246232599586860862e-06
1.262776574573117046e-06
1.217327743074193867e-06
1.288283769454134497e-06
1.559417862853245984e-06
1.259494747514535112e-06
1.214871848785311091e-06
1.628051640957190260e-06
1.161611155584855648e-06
1.389226720299647983e-06
1.131240562784135071e-06
1.210448111242475059e-06
1.519436133103416907e-06
1.168900494826482694e-06
1.653085968849042136e-06
9.230327156249692602e-07
1.566923733896017915e-06
1.172866121502380804e-06
1.506859663011845362e-06
1.830781231886403785e-06
1.719152052483886541e-06
1.391791548460602118e-06
1.971944079947744358e-06
9.586274962350302795e-07
1.179687026007741731e-06
1.592100195117053748e-06
1.444369055207643743e-06
2.049618429764570132e-06
1.458585401501742487e-06
1.342932923074960071e-06
2.121035394031724309e-06
1.396127944872665225e-06
1.237065814515125901e-06
1.189575114199732221e-06
2.530335378892596068e-06
1.752852994803987299e-06
2.051920463023253601e-06
1.421792747043501217e-06
1.679803972816178081e-06
1.797684980491467469e-06
1.394682571871676684e-06
1.226559004018864462e-06
1.410430396350291552e-06
1.150165531849583387e-06
1.643624894202482923e-06
1.323132060188648556e-06
1.596875224646142807e-06
9.226510948095533454e-07
1.134788974902844527e-06
2.481419108441325700e-06
1.865093512386055503e-06
1.463532672162011126e-06
1.714558612614879497e-06
1.361188581672496265e-06
1.768183194917155934e-06
1.185282328151640031e-06
1.461345510787549434e-06
2.156870667999033487e-06
1.436944157849992209e-06
1.562618577346072912e-06
1.752099315331653291e-06
1.595602773394463476e-06
1.785386580317624977e-06
1.641569005614329272e-06
2.512172036922962730e-06
1.381496500908402640e-06
1.787352139045966735e-06
1.374275842409852932e-06
2.166695479881183361e-06
1.719185512846224828e-06
2.166307133248291036e-06
1.732692999398876562e-06
1.844404333057219637e-06
1.886465050456332139e-06
2.111815878789019710e-06
1.728570622823075050e-06
1.549348398816867721e-06
2.131636763173439425e-06
2.697325741344134328e-06
1.428783921904381309e-06
1.442956681738282469e-06
2.014498330033063531e-06
1.720411285623125969e-06
1.654154704272234897e-06
2.217057525452767800e-06
1.983395490382763479e-06
1.256518334831970130e-06
2.043775138777412814e-06
1.606898052705772995e-06
2.123494251367636526e-06
1.736393338940386551e-06
1.433999753146028699e-06
1.540613225269993368e-06
2.833894844614851074e-06
1.449595064196086379e-06
2.041512358369374973e-06
3.599351177295481972e-06
1.493653923988750269e-06
1.591151469188433847e-06
1.638177052882974059e-06
1.880220511985265110e-06
2.082991961615004536e-06
3.298958269759530012e-06
1.729458256692616409e-06
1.768450097794242907e-06
2.043993500963544412e-06
1.889733117428619476e-06
2.415340339905645390e-06
3.684794579989951324e-06
1.949626568345619260e-06
2.247001370519580105e-06
3.147440744076457559e-06
1.835681589079303120e-06
2.229966236121757341e-06
2.557986748703649017e-06
2.276420873695901241e-06
1.490075988687557043e-06
1.867837866338194491e-06
1.612909091404082249e-06
1.819643413293377008e-06
2.562887655274272086e-06
1.694573979519778374e-06
1.773309020303885491e-06
3.211268668920124182e-06
1.875695803665185154e-06
1.733276161053892277e-06
2.255690436802849476e-06
2.483171111923185154e-06
2.181652932764421982e-06
1.875221898594131020e-06
1.637162677491006153e-06
1.694189101401797252e-06
2.528445217889734234e-06
2.561097676790700562e-06
1.943232542923211676e-06
2.291307604804503038e-06
2.740693704808478021e-06
1.613338954438285059e-06
1.893177583877743010e-06
2.001432281759792483e-06
2.269076634803505783e-06
2.521156709945327817e-06
1.527865210337263980e-06
2.375242824524770004e-06
4.069277634535844180e-06
1.644536313591258643e-06
2.830623128163995838e-06
2.286239028873348075e-06
1.966528370098271847e-06
2.449190678897589433e-06
2.440235481038871412e-06
1.830390594535579626e-06
2.415008625978894814e-06
2.499606951260015058e-06
1.836376182698118948e-06
2.250593362970293133e-06
2.385601371976928915e-06
3.052703033506453178e-06
2.406863637814680423e-06
1.837297049058498593e-06
2.176034655434910373e-06
2.919456588393367000e-06
1.587563160253456012e-06
1.921869917987202719e-06
2.189630223986145207e-06
2.551389759529824671e-06
1.774156263422775051e-06
2.914071105238262194e-06
2.071922727457507885e-06
2.997456276964589995e-06
1.836533620153694867e-06
2.280988780992126952e-06
1.839796765032688869e-06
2.532652413033306158e-06
1.946640779203708393e-06
3.139169717573238544e-06
1.906956056037685089e-06
2.962054651217501876e-06
2.449230285560482386e-06
2.539586598184469045e-06
2.319373497899630810e-06
1.817075644317502562e-06
3.153675167569897529e-06
3.369172944384514390e-06
1.881470055179294230e-06
2.087385705724571719e-06
2.116274557012825664e-06
2.335471182412913514e-06
2.711185902349629661e-06
1.838826043952098492e-06
1.674257949320797883e-06
1.860464238395257859e-06
2.483505548866024940e-06
2.115405541014741112e-06
2.100836795352195060e-06
2.651872054087198682e-06
2.320352227560686551e-06
2.647642206267862594e-06
1.930958858315279494e-06
2.547301969268203660e-06
3.377671236679782189e-06
2.517748871998289722e-06
2.279387779634412399e-06
3.701226593905717546e-06
1.544416581833996786e-06
2.892475836904403607e-06
2.464803017419327824e-06
1.733252289930404525e-06
3.305289648398859417e-06
3.739681366869239523e-06
2.196917614646802228e-06
2.763126998400984719e-06
2.351495729319781961e-06
3.036025253662220782e-06
2.226508259401565808e-06
2.065484425200732093e-06
2.054514784203492289e-06
2.687300604182495528e-06
1.630651517640360194e-06
2.077788029749032423e-06
2.444032036230348892e-06
2.252325280106015309e-06
1.471667662809628857e-06
2.473317434228373242e-06
2.290548224815199698e-06
1.484575829847431086e-06
1.601503410262938425e-06
1.777547121200619824e-06
2.544025445459139282e-06
2.392385231731368966e-06
4.710937029214471746e-06
3.100648445472873386e-06
3.832150200280520482e-06
3.115022587346614899e-06
2.411080148400239236e-06
2.513937976376560237e-06
2.521787713891190409e-06
2.566076653763957856e-06
3.062793292527206378e-06
2.089324251224207966e-06
2.729899668959731918e-06
2.216356794537928436e-06
3.217323833706469571e-06
1.887895946311815985e-06
2.049459907041269526e-06
1.827052855396249873e-06
2.995388229066528209e-06
1.932406626657063806e-06
2.883201462334584571e-06
1.867638594771402377e-06
4.760990579887239537e-06
1.874493975634787738e-06
1.225876672006221100e-06
2.438752048344902037e-06
3.124683460812431707e-06
2.849492548848135002e-06
2.375689186839426087e-06
1.775533475317580151e-06
2.446990250930957425e-06
3.714804026491816113e-06
2.766127445878416792e-06
2.187439729332908540e-06
2.945001723364963809e-06
2.936086443413736409e-06
2.679086526224439949e-06
2.684478028838340067e-06
2.674561506455505201e-06
1.912148898011564123e-06
1.936249151641915324e-06
3.129851659592614711e-06
2.620546510619204897e-06
3.237602786704077795e-06
3.864508479375401576e-06
1.554169765838074721e-06
2.974011309582513528e-06
2.503574779655096700e-06
2.375367485475561834e-06
2.473219300287314438e-06
3.389575985870134225e-06
3.043524156622787876e-06
2.667448106411903108e-06
4.200939899686306626e-06
1.789347208137680443e-06
1.946055270402781575e-06
3.586111263649312320e-06
3.076474849022001925e-06
2.967618815707947950e-06
1.910761798897885949e-06
1.962299386058147897e-06
3.258027495199832308e-06
2.314831551296336221e-06
2.730440524872365775e-06
3.809238003051504041e-06
2.918615532001216667e-06
1.805489475303169984e-06
2.266602003950810359e-06
2.713379534988334367e-06
2.245394384425544786e-06
2.567226390521776505e-06
1.596250599568097711e-06
2.557080668912717189e-06
2.024578723396261138e-06
2.964541094814203161e-06
2.998120115448232845e-06
3.649205738188464403e-06
2.349047766323945769e-06
2.566715610779493089e-06
7.314169719408905315e-06
2.487957850809865917e-06
2.364648219740192751e-06
2.183220027556383362e-06
2.809293233982476328e-06
3.622593019836987171e-06
2.035491573186681892e-06
3.328720612413171886e-06
1.676812687030065803e-06
3.303846126127999659e-06
2.609098527696155614e-06
3.005325350787396850e-06
2.143263337431049744e-06
3.466182022153922148e-06
2.878986261207591592e-06
2.230900285854592055e-06
2.213060305381461645e-06
3.861654418631609862e-06
3.131304286032884861e-06
2.087370610574409913e-06
3.280975165225113008e-06
1.937578390359099670e-06
2.220134421173924198e-06
3.886587721673536050e-06
1.894085043728849888e-06
3.120926652324764886e-06
3.201053963146628725e-06
2.112182058235269548e-06
3.672093231455629686e-06
2.704917515467613686e-06
3.746811681131021791e-06
3.471384428740129946e-06
1.314700993112867976e-06
1.913059004129767452e-06
2.836634245644032293e-06
2.550866633526765118e-06
2.377116816585265552e-06
1.996230590431915915e-06
3.837879084785975495e-06
1.907426893944490209e-06
1.785806655476723924e-06
2.522949516023074939e-06
3.508261850539970200e-06
2.518974491177420628e-06
1.794083471661074249e-06
2.857889297234254817e-06
2.020610563011605692e-06
2.587524816359119548e-06
4.098343555529590332e-06
4.276636858003209761e-06
2.082840803025158661e-06
2.491196125077491437e-06
1.967190135224317500e-06
3.286873950915620572e-06
1.865975109050676317e-06
2.129299435758016406e-06
2.121333512914621027e-06
2.617380172831469767e-06
3.129621566806348424e-06
2.321620376533476749e-06
2.559237651344110829e-06
2.553356826582237176e-06
2.307257814346947223e-06
2.953822146193934617e-06
2.539674333836675400e-06
3.542566760776654981e-06
2.666367295751939153e-06
3.059830185814096104e-06
3.990360391284881685e-06
3.529761492021651998e-06
3.382486067201408106e-06
3.174480101502698785e-06
1.976935193778843988e-06
2.494455491974900630e-06
1.547942178682609812e-06
2.520737036364980091e-06
1.967426841227363824e-06
2.278913955850342109e-06
1.917668451763584834e-06
2.827896678956633165e-06
1.812788259554103232e-06
5.997860728214876637e-06
2.227413652023432767e-06
2.614871640681737202e-06
2.057134521187701164e-06
2.347483589402866284e-06
3.298491545294696299e-06
2.378102580621579652e-06
3.722792546287386867e-06
3.192604221386899768e-06
2.019465244529481589e-06
1.880607825015640623e-06
1.925841475865250133e-06
3.527627454480127252e-06
2.359297120407874043e-06
5.172109618371335803e-06
3.752540759019036441e-06
2.739418185944881117e-06
3.596483795902322576e-06
2.065703461651907615e-06
3.312010422771914801e-06
2.259328565051948403e-06
2.430529760560882582e-06
2.698883066528027517e-06
2.184296955181539129e-06
2.189868839955081031e-06
2.642535861802653150e-06
3.896637017221095944e-06
3.399846327091960737e-06
2.317581946605973719e-06
1.423387825464149902e-06
1.994808146026673549e-06
3.151283609247095976e-06
2.157177430932035184e-06
2.090160708348124716e-06
1.682788555691982397e-06
2.722339948569528682e-06
2.145479601504517017e-06
2.331221808700426506e-06
2.504385553713200586e-06
1.924837954256942375e-06
6.569354550746343422e-06
2.021986767572007531e-06
4.397436633457454368e-06
1.992702430666885262e-06
1.877170054267155043e-06
1.894918138012396750e-06
2.516763732441716595e-06
2.336848753736692871e-06
2.923152519079074813e-06
1.901436214828162948e-06
1.432866364117952340e-06
2.648906745683144320e-06
2.968429489543205152e-06
2.303845932611237226e-06
3.108804078570787512e-06
2.998633372845880037e-06
2.856557009477378564e-06
2.334807865897379016e-06
2.431299360735073536e-06
1.937342631379315142e-06
1.855083421273717143e-06
2.987969677704079654e-06
2.916600884021599322e-06
2.478086755474949120e-06
4.604141522695822480e-06
1.852641940273558549e-06
2.954280276566507338e-06
2.171669042624244683e-06
1.862055248049310453e-06
2.198204549384392724e-06
2.799033759063117052e-06
2.748060649918496988e-06
2.492551442497832079e-06
4.862447717539581591e-06
2.174231205644791852e-06
1.700550184062862547e-06
2.694042606518920473e-06
2.034975351514362926e-06
2.325772302567353189e-06
1.526097817865766467e-06
1.668593952191165043e-06
2.282577774907807158e-06
4.817569714435960533e-06
3.474520954903937818e-06
3.258818640050809586e-06
1.619464091818237415e-06
2.748218027536994819e-06
3.384550524734468043e-06
2.317972495972671592e-06
1.498882143058254774e-06
2.396810347848677483e-06
1.907731525439672645e-06
2.801004869133216824e-06
3.080524919648171907e-06
1.775872646709278599e-06
1.811843262642914290e-06
2.865932725117340718e-06
2.622355617512002532e-06
4.109497215347706980e-06
2.451013332583739948e-06
3.122931975471170379e-06
2.610970715599641979e-06
3.130353280278224974e-06
2.114305375870704490e-06
2.041974026922352500e-06
3.080079708608415755e-06
3.197155612393017769e-06
2.593796408546331320e-06
2.036893381382435329e-06
2.734449866780377246e-06
3.996722016513367636e-06
1.950391177566474954e-06
2.010569314438611590e-06
2.269107987035647671e-06
2.291678424018575530e-06
2.661703835543150460e-06
1.510039916786874656e-06
3.526508042906095902e-06
1.953316759046892928e-06
1.723625878072146838e-06
1.718857353046725892e-06
1.923050238514834640e-06
1.529718549829540016e-06
2.419223091274655591e-06
1.673041772974357696e-06
2.515550184599237087e-06
2.816194344532149775e-06
2.290982669987210003e-06
2.848401337914384132e-06
2.625228043627806478e-06
2.167841846694550276e-06
2.490269812808572441e-06
2.407907033779755930e-06
1.904756503437226375e-06
2.612188299569655667e-06
2.695016214491165374e-06
2.102275231428582803e-06
2.120995569528018761e-06
2.389409977495625688e-06
2.444113118249043748e-06
2.235162792874765152e-06
3.375781583068043575e-06
3.505451667982828685e-06
2.490370730636527717e-06
1.541808856386106780e-06
2.974667127279547503e-06
1.206544003651883616e-06
3.091980480048111602e-06
2.623143931482722106e-06
1.875015502291815721e-06
3.055777436591710456e-06
2.183575559742178004e-06
1.807303444745645264e-06
1.718536781275790809e-06
2.071657958489041845e-06
2.087932639777288122e-06
2.085626772940327391e-06
2.074089723092966379e-06
1.447105214769251548e-06
3.062122508627483058e-06
2.207278821429690670e-06
1.919214690614199589e-06
1.873430076554916455e-06
2.333737000135935402e-06
2.580696030986341828e-06
2.288117094829576999e-06
1.996027735991340630e-06
3.123153833489769847e-06
1.929822867951867015e-06
3.009360267005498843e-06
2.161745573360098296e-06
1.557063672489235034e-06
3.455724042603427941e-06
2.065312756293384738e-06
1.917355704514084934e-06
4.402186127737399925e-06
1.924725968879813694e-06
2.139027564711503243e-06
2.102648630090549521e-06
1.379756756237654310e-06
1.822145498396238805e-06
2.095192753492423177e-06
2.788920676267091649e-06
2.191516815132790003e-06
1.693157789746347228e-06
2.085578612520971332e-06
1.903405954599704683e-06
2.989050760172285653e-06
2.520081756141986560e-06
2.566101523604953897e-06
2.669933175882259574e-06
1.408830377548363559e-06
3.164696051182546748e-06
2.471593501965550022e-06
2.022086938036783604e-06
1.848949961985427186e-06
1.751883947808767399e-06
1.992519437166881240e-06
2.393680607375671509e-06
1.385665720210904089e-06
1.969506263976790250e-06
2.150021027868592369e-06
1.883975609852635454e-06
1.920911469558676351e-06
1.541736648328672875e-06
1.643456746228630738e-06
2.231180441542307772e-06
2.965276953459708867e-06
2.579917251940529361e-06
2.728836246418151377e-06
1.554908494294091144e-06
2.127855495143613603e-06
1.865329835665340011e-06
1.590306403401516360e-06
2.054751460091663684e-06
3.204881050267876379e-06
1.909381550905036572e-06
2.286078578014696045e-06
3.978148699168268835e-06
2.177619680503681304e-06
2.444264600580126468e-06
1.613830888219249751e-06
1.980637934532396527e-06
2.531302474481581525e-06
2.259521051629609701e-06
2.554765564823419047e-06
2.201208869495793876e-06
2.094349957450584536e-06
2.984591190165914056e-06
2.014429662524641578e-06
1.931002639154520155e-06
2.023801003528457016e-06
3.514829310390875232e-06
1.718076826742181614e-06
2.507845937469880548e-06
1.833665324291068379e-06
2.108278201026423843e-06
1.672500722759356090e-06
2.972251408202355564e-06
2.005803691823052462e-06
2.079095174785531360e-06
3.068237569957009508e-06
1.719437072606067125e-06
2.289602796965603206e-06
1.671488197255923241e-06
2.541065734429532220e-06
1.757495130965123975e-06
1.937410864913107757e-06
2.498275973183394337e-06
2.501316498769654803e-06
2.573254189391657174e-06
1.989129915480061780e-06
1.577421092528417047e-06
2.619369546955858605e-06
2.089625444974611192e-06
1.182635265392384026e-06
2.718233017001707083e-06
2.682774905820345784e-06
2.846508975674315548e-06
1.499780472029921987e-06
1.807415456212156979e-06
2.641154290019557362e-06
2.557096996050062774e-06
2.273540943707462982e-06
2.721461999851436265e-06
2.083109482358704792e-06
1.635814610828095542e-06
2.305353807166492187e-06
1.376026057189988866e-06
1.855319553321032620e-06
1.274883853118326101e-06
2.032125841398689118e-06
2.259891234848672722e-06
1.675223836737198112e-06
2.267869385365421168e-06
3.737179537670816397e-06
1.868395561846209280e-06
1.714907921907749457e-06
1.973961726564386460e-06
1.843126674283530270e-06
2.987701629250338978e-06
1.956574114875147609e-06
1.652075959966026849e-06
2.216443356583390777e-06
2.383544495185960440e-06
2.254764428492235116e-06
2.078112109099306400e-06
1.336981066429461163e-06
2.162070290762758704e-06
1.631764759533457062e-06
2.327629276196737655e-06
1.946476188440159757e-06
2.119931460857758085e-06
2.031649965169077983e-06
2.897655908486948601e-06
2.200269554500478117e-06
2.178813378838773778e-06
1.663777482019542226e-06
2.681681862918783990e-06
2.830198139445972320e-06
2.026228515700946412e-06
1.568998026568900752e-06
2.573278270943881155e-06
2.336223696847376583e-06
2.319622437344025145e-06
1.879465353394979681e-06
1.682560632007034731e-06
2.680739479714923519e-06
2.087440941953275742e-06
1.707448825186262895e-06
2.329790053010404886e-06
2.350096161998252579e-06
2.113922283551569051e-06
2.717126819574534594e-06
1.628523033657459950e-06
2.504928626931970251e-06
1.426297808559609148e-06
3.222559317572212244e-06
1.905971241893970870e-06
1.511831928250028309e-06
2.241842226576634981e-06
1.912999803495573531e-06
2.606331879935954948e-06
1.664050847319470100e-06
2.290631472747420136e-06
2.311291737891579886e-06
1.394347608368424650e-06
3.534725188237348488e-06
1.784473983645549418e-06
1.736165498125617305e-06
1.515604490209641635e-06
2.685567100194213056e-06
1.716445353810296148e-06
2.448426587684830077e-06
1.833397562090450138e-06
1.376588498912995080e-06
2.228527038179858089e-06
1.971170274589582183e-06
1.870397922031494802e-06
1.989373373970758877e-06
1.515547193508450503e-06
2.606736490722406429e-06
1.608867965348438765e-06
2.210077437612100757e-06
3.426206132979390022e-06
3.010954003162870209e-06
1.104460605488426834e-06
2.613028878867189525e-06
2.804096960568691521e-06
1.567123693075263823e-06
1.848641606560669654e-06
3.294776583521359856e-06
1.898942913007945660e-06
2.007644060314789426e-06
1.540480796468024789e-06
1.103503908047488574e-06
1.725054712343700187e-06
2.113347552090910215e-06
2.153676616006936888e-06
2.287710288514409225e-06
2.363363233478112018e-06
1.968799914577036119e-06
1.189317066779828780e-06
1.866249063321367068e-06
2.282853498008878037e-06
1.166053594794119596e-06
1.797738208656425614e-06
1.863940405005724024e-06
1.686199127678532638e-06
2.046045061244682684e-06
1.846948650291985099e-06
3.450472657423754129e-06
1.767373643839281123e-06
1.995902531637553012e-06
2.700037124691560446e-06
2.145119235814168504e-06
1.843062233641947730e-06
1.951026326203362057e-06
2.541776997843980504e-06
2.280476615447916528e-06
3.634343480482079745e-06
1.439552681693572316e-06
1.585053995206408756e-06
1.194690689222173748e-06
2.532960925121185598e-06
2.849156372955175231e-06
2.189829584314848435e-06
2.235983127192271982e-06
2.402896469938707859e-06
1.961434969030759665e-06
1.593554441055646771e-06
1.416709508576193845e-06
1.849989010267754757e-06
1.780151244451436666e-06
2.648528130572302793e-06
1.861230109915049821e-06
1.995887198669043546e-06
1.593787239883026629e-06
2.120848147628201500e-06
1.306941983771327758e-06
1.172059078534469708e-06
1.904473232745678498e-06
4.053846004692715042e-06
1.386441603879132118e-06
4.936481791197401659e-06
2.971709109873636316e-06
2.236340471452197473e-06
1.648671251335922458e-06
1.808436761184150643e-06
2.084730850725681522e-06
1.816179098355007243e-06
1.850318851948881435e-06
2.871441503057301820e-06
1.467906048366294188e-06
1.347594887703636203e-06
2.609385285040045009e-06
1.659030510466508316e-06
2.355954490568859974e-06
1.483612115611498579e-06
2.129949664436419627e-06
1.599923807650578467e-06
1.362083356252334532e-06
3.534333229188428757e-06
2.557262220920013541e-06
1.584616184034977682e-06
1.541907032578235619e-06
1.939913532865854243e-06
1.282764267518741718e-06
2.171069115962426089e-06
1.369572790898257857e-06
2.736142577183742323e-06
1.640441540897156881e-06
2.261641820387329273e-06
2.560270109810291795e-06
1.698389244191552968e-06
5.016872898529776685e-06
2.438959363932160118e-06
1.871168335659325140e-06
1.824187562156352781e-06
1.473184889124143545e-06
1.808469836237021187e-06
2.460826910931105845e-06
1.895147275428062011e-06
1.307674283133494280e-06
1.231871090918328308e-06
1.307083312140267993e-06
1.665421356722090018e-06
2.181117291211564166e-06
1.377929511402899246e-06
1.625116700927478131e-06
1.963919875083667952e-06
1.314815257743162426e-06
2.396404080465416674e-06
1.419403129763971136e-06
2.518583994153091544e-06
2.106164973224053921e-06
2.465296254940866936e-06
1.962119134030243713e-06
2.012130914304567940e-06
1.535281769414396449e-06
1.747215135237814167e-06
1.731578993613118868e-06
2.015086920464817348e-06
1.425171747767076459e-06
1.620391824054612627e-06
1.521602820915289647e-06
1.408375444315244493e-06
1.275126777816885051e-06
1.523211456563713483e-06
1.523098135172773953e-06
1.412425004518929532e-06
1.228377389236152994e-06
1.983183165442452048e-06
3.602502620867317692e-06
2.301261294793902260e-06
1.621883297199709151e-06
2.013795129548968094e-06
1.533815539583663481e-06
2.002101616312643884e-06
2.079674610699931892e-06
2.151559258721149967e-06
1.657773481705473283e-06
2.394939537462754737e-06
2.949465186949875467e-06
1.868447641129528806e-06
2.352795956591820113e-06
1.534310379435958677e-06
1.098766197925141938e-06
2.855101127113330839e-06
1.606584040027373902e-06
1.899452414773079507e-06
2.021375522159106001e-06
1.653296758381144081e-06
2.056423261542726949e-06
1.937547880648714709e-06
1.578621022084357955e-06
1.788974897823644078e-06
1.579874430488596239e-06
1.503058903847724290e-06
2.512178349971977063e-06
2.385992522750521043e-06
1.894983637286921720e-06
1.446970128652112806e-06
1.320341927441713949e-06
2.037107331274486070e-06
2.210624959099254547e-06
2.242464922317131827e-06
1.711424694082363408e-06
2.084521611442921417e-06
1.767937919416393836e-06
1.987389205525321719e-06
1.302820235334880055e-06
3.143106676993848425e-06
2.487526491858259063e-06
1.555896966311592936e-06
1.874940547128576483e-06
2.040533046034621631e-06
2.228686644521665764e-06
1.804402493599920060e-06
2.501547753562590395e-06
1.873891320617298796e-06
1.464275370740049000e-06
2.076457982259587843e-06
1.491388829705040635e-06
2.624607808855237928e-06
1.362259054372309924e-06
2.217354376022546566e-06
1.452143949117534831e-06
1.760298471960698593e-06
1.412382661674529516e-06
1.890591207174285845e-06
2.819581519458797571e-06
2.484586357491221361e-06
1.904711367210829461e-06
1.619214092371465213e-06
1.519670966842143197e-06
1.304077090305225405e-06
1.433202828079253045e-06
1.743199446027110131e-06
2.480916440931916409e-06
1.359490324998587381e-06
2.041874152688141563e-06
1.530536373981836458e-06
1.662818870045622081e-06
1.505377885114784560e-06
2.198964325671804817e-06
2.068722989834796340e-06
2.190382367493657486e-06
1.619629401472138232e-06
2.034816406802350257e-06
1.197150655501423590e-06
2.735790480881587983e-06
1.175239749082047287e-06
1.472093658611438280e-06
1.165914233451984184e-06
1.939571642175319168e-06
1.336511458253806318e-06
2.115146220204723453e-06
2.226400687729375447e-06
1.791438652833320900e-06
2.332839039069169324e-06
1.837294984086599997e-06
1.225874459249559815e-06
1.274093295958083768e-06
1.799047334451757634e-06
1.092062071274448675e-06
2.138044536817720409e-06
1.652431534877727396e-06
2.125532780281287070e-06
1.899700635573657164e-06
1.416061447906167597e-06
1.962682970924041500e-06
2.081479219411469548e-06
2.053324376520116145e-06
1.581268589540942439e-06
1.253382214073352843e-06
1.481208966811266579e-06
1.131765244249343876e-06
1.905333961840343132e-06
1.458667778878017741e-06
1.128111851572089387e-06
2.059749318879490739e-06
1.648972366207517495e-06
1.246002462084766449e-06
2.856041048194627088e-06
2.554285758584133034e-06
2.042680501781721878e-06
2.955440511582391691e-06
1.881438269557378502e-06
2.245493350599293334e-06
1.326436861890707349e-06
1.794374042712844497e-06
1.416461049103175561e-06
1.597722582813738767e-06
1.656283366321950804e-06
1.714643788653023951e-06
1.661446638273344386e-06
1.437782338581388921e-06
1.402208815635551687e-06
1.493296926378600464e-06
3.097923662750000332e-06
1.804870235345389113e-06
1.720971137352183097e-06
1.788855713216432911e-06
1.389984892248107459e-06
1.675760422238653347e-06
1.526270421891476408e-06
1.299831586923132977e-06
2.662023435922149606e-06
2.416866158963330943e-06
1.923436775471221976e-06
1.512681067155003187e-06
2.413539260973305615e-06
1.315082436110979888e-06
2.549398105968580382e-06
1.412031094160326737e-06
1.997515413856195984e-06
1.410715232255389630e-06
1.578787959930940745e-06
1.359996009122178709e-06
2.619919499511264223e-06
1.748331238606742912e-06
1.703371998805082509e-06
3.014865818328418834e-06
1.652421815522481357e-06
1.208636627412365016e-06
2.211990186060269289e-06
1.714720700533636676e-06
2.294038468301560003e-06
1.153020780872150870e-06
2.031640133956548331e-06
1.867504986021282333e-06
1.581592314190634604e-06
1.390158578585397101e-06
1.565675043362817344e-06
1.517162706590194436e-06
1.656449622904463202e-06
2.071969440942508725e-06
1.306674862559271710e-06
2.335849180994260229e-06
1.616415757365405545e-06
1.623476924836920368e-06
1.680398239981638027e-06
1.157746567513767399e-06
2.502065671611602076e-06
1.188237656237126157e-06
1.744519268134005693e-06
1.872494051521681224e-06
2.000535950154367855e-06
1.298006423712008916e-06
1.212809095445525690e-06
1.804424132909360081e-06
2.226641944319168893e-06
1.565493365230125566e-06
1.752761587689383671e-06
1.324335113192186660e-06
2.332324345436207358e-06
1.284482956705479925e-06
1.444247525528615263e-06
2.436124208304288537e-06
1.171333100730016103e-06
2.107651181462489729e-06
1.746018892693020564e-06
2.248160327098822173e-06
1.416512312845286040e-06
1.930507480163454500e-06
1.365842798795122049e-06
1.652971293734714092e-06
2.387231099821124366e-06
1.700980013271664347e-06
1.373789881397735451e-06
1.911927018763020227e-06
1.429224465392031339e-06
1.957844108455661413e-06
1.611320350647065890e-06
1.435184383404718306e-06
2.386019511541743056e-06
1.095172210361153569e-06
1.930941156743234369e-06
2.136868643311995372e-06
1.943179839814119906e-06
1.292454097233523326e-06
1.599991573691212724e-06
1.738635082359895363e-06
2.694719072446113143e-06
1.457551095651016156e-06
1.471083713231386621e-06
2.408728179936378573e-06
1.314748381340369543e-06
1.093789140425375082e-06
1.619584673831894468e-06
1.378873376251466958e-06
2.000277977781911131e-06
2.374806692766338486e-06
1.475011343966013997e-06
1.575462483205614873e-06
1.575403320744778665e-06
1.864478644776152100e-06
1.465425278710404188e-06
1.509552624870095964e-06
1.485799535049161935e-06
2.546185448437853369e-06
2.680646336871822805e-06
2.259494269066947783e-06
1.744542626191095106e-06
1.553330036410524389e-06
1.022673723252373722e-06
1.788624411242667790e-06
1.213822282650205855e-06
1.739286345323574350e-06
2.657751862973690065e-06
1.268769936740260663e-06
1.986256429177976620e-06
1.595239211960237239e-06
1.890180855243006586e-06
1.559810678370757822e-06
1.611227936011268754e-06
1.331809523520958961e-06
1.830627285560177272e-06
1.754104424287344940e-06
1.597250714372653080e-06
2.792186324408533807e-06
2.161321328560551826e-06
2.010517113686735551e-06
1.821928745936223885e-06
1.987565534728906105e-06
1.725003858255069381e-06
1.245448980979387964e-06
1.927785396863364121e-06
1.942601463113881202e-06
2.328291253130429248e-06
1.251893832902170450e-06
1.869671746998088005e-06
1.455896794004253506e-06
1.781592836226943709e-06
1.296617716010385788e-06
1.767982721666424509e-06
2.206984215049437737e-06
2.022909947153524212e-06
1.585175060947927102e-06
1.178663538288934920e-06
1.614081165984330532e-06
1.480853540738616653e-06
1.526822698203739061e-06
2.782616078523743691e-06
1.308297177898005973e-06
2.066301057119881357e-06
2.131361478815929748e-06
1.670190606558272987e-06
1.640528782265582961e-06
1.325789650303234211e-06
1.350008437589388816e-06
1.841519052668787719e-06
1.662402607902252074e-06
1.289061536123667542e-06
2.170354891055332807e-06
2.095153372216132864e-06
2.004226104426418458e-06
1.778668708353313539e-06
1.464411666992462658e-06
1.821045712443060516e-06
1.321166838220345810e-06
1.224601561338147985e-06
5.307409830701467452e-06
1.567676601642421311e-06
1.661232798851180913e-06
1.634333104553802192e-06
1.664287700127410647e-06
2.039565644632078239e-06
1.550615850154184062e-06
1.348765265941044078e-06
2.187849453498574360e-06
1.379542399873375722e-06
1.970813670986768901e-06
2.718993222836101469e-06
1.174388591563126714e-06
1.912112807748394113e-06
1.831566455999928469e-06
1.575252795242537457e-06
3.276171289736404096e-06
1.435145488612550379e-06
1.204813131037466784e-06
1.582634434825344743e-06
1.409818523489057974e-06
2.338621446196876732e-06
2.624900481982733982e-06
1.794195793669150309e-06
2.426886984543415483e-06
1.349561628229706122e-06
1.477311645794050848e-06
2.137811262736000985e-06
2.064419572722007855e-06
2.178055497938039630e-06
2.042363384232833977e-06
2.051722509794766780e-06
1.216675437710219846e-06
1.488727950739634456e-06
1.351200090142269333e-06
1.583433094709453765e-06
2.009084336230237419e-06
2.151703775827554908e-06
2.296946167930510430e-06
1.553183093720975584e-06
1.930679186085779542e-06
1.559281539617469755e-06
2.286896135838431042e-06
2.211668855037564356e-06
1.895168452475247097e-06
1.799389946649728729e-06
2.505130949566067765e-06
2.145581045701732920e-06
2.640015539893058880e-06
1.545807437735055049e-06
1.952256268353817627e-06
1.398292645591672335e-06
1.414074195747756272e-06
1.526229766444073196e-06
1.991179648439509687e-06
2.193875311695435000e-06
2.151032739287768533e-06
1.751409892928698745e-06
1.377101680291159392e-06
2.191359044005199912e-06
1.691726523480290560e-06
2.012254462601244707e-06
1.705855499638590296e-06
1.915141930250904230e-06
2.007450007893498069e-06
2.196172932024458817e-06
1.762439218533348503e-06
1.959147743937053579e-06
3.044763729641015565e-06
1.481459444386984340e-06
1.467107255886931013e-06
1.756740324568473037e-06
2.230857005127052289e-06
1.602893991282093788e-06
2.377620690380522557e-06
1.691522618606056643e-06
1.286861258153798506e-06
2.533370517667952238e-06
1.311926155535757442e-06
1.278731351238657720e-06
2.050384319607806561e-06
1.563914293222313579e-06
2.540115721354478418e-06
1.448901150346657286e-06
1.771350930483589719e-06
1.506422938465264480e-06
1.981866970407451930e-06
1.468322094595361334e-06
3.651039464971544960e-06
1.387649461272965279e-06
1.625533289815619557e-06
1.838184711367886264e-06
1.767713907782518871e-06
1.645907391472410403e-06
1.752133029932775746e-06
1.813250027745141190e-06
1.445795711225067026e-06
1.417683120187523316e-06
2.500180703206990918e-06
2.678110113621819993e-06
2.343805777231573304e-06
1.852594509741507828e-06
2.108039402338284601e-06
2.500568053838439674e-06
2.460199829753829553e-06
1.792062168076675484e-06
1.411990178830868108e-06
1.938350285393831268e-06
2.017749017776772841e-06
1.741994048961309143e-06
2.836487545464547913e-06
2.796538465968964098e-06
2.328501660546917645e-06
1.407558139214883111e-06
1.860116247165763449e-06
2.308796927262977258e-06
2.297561267201450300e-06
1.936376452697478189e-06
2.082170382359862873e-06
1.535090133330894502e-06
1.444328847878965470e-06
2.081760817022029818e-06
1.366069356445037830e-06
1.782959973001695211e-06
1.587816642086618312e-06
2.856082988093786216e-06
1.934428186668984109e-06
1.915338785253707210e-06
1.212801351644688408e-06
1.746419967025510121e-06
1.780516711316049266e-06
1.921212985069986850e-06
2.046142172406716708e-06
1.533362247636460727e-06
1.960608852912759153e-06
2.292454397128411603e-06
2.021691181191405877e-06
1.816302611713299706e-06
1.687079707138305326e-06
1.983368243160279423e-06
2.012799355298827202e-06
1.700792791006877151e-06
2.489509679790181058e-06
2.122232669438501346e-06
1.928872974473804689e-06
1.621114199113467237e-06
1.753374125371914027e-06
1.311409997519325433e-06
2.981644906977506956e-06
2.695254077109857225e-06
1.450010379663650258e-06
2.364400457688863560e-06
1.781273213355497740e-06
2.372581474648016502e-06
2.826264116865761487e-06
3.299688076193417311e-06
1.689979245935654944e-06
1.627270416092915609e-06
1.727954275625655018e-06
1.997762426406458953e-06
2.494746112781692402e-06
2.655250848832434562e-06
2.048548101682303519e-06
1.843840884123802232e-06
2.121775053601043766e-06
2.005999423888845525e-06
1.682046523246167935e-06
2.197241228275137432e-06
1.957718348625876429e-06
1.800064523319929726e-06
3.342845594855625677e-06
1.762498984901728598e-06
1.697891316563073332e-06
2.169234408742098064e-06
2.087091857324824744e-06
4.643927902824802052e-06
2.742531636631455002e-06
1.921916709091603775e-06
1.881812583760708577e-06
4.122756971009434700e-06
1.420515349196861766e-06
1.841811485972536694e-06
1.547018954446282505e-06
2.030721250352976096e-06
1.818387071124615734e-06
1.751295544817202989e-06
2.460641070504668483e-06
5.258421018064151026e-06
1.416769342324321605e-06
3.110083537659083092e-06
3.945042530189418841e-06
3.845885286327627350e-06
2.534369601205395309e-06
1.922043806736316278e-06
1.371634372994139791e-06
2.133265186492966926e-06
2.071461933250944382e-06
2.831691587641425447e-06
1.921002927680253893e-06
1.534853855009704156e-06
2.202318618271943798e-06
1.741650919450638396e-06
2.468016627317842536e-06
1.834814794203818232e-06
1.941730887784467175e-06
2.437027131015817891e-06
1.490856811376910309e-06
1.816193741519508736e-06
2.219739089919134007e-06
2.741892975294159708e-06
1.871295958746656932e-06
5.333872616055634457e-06
1.604427600524517321e-06
1.942946446366338986e-06
2.695339759979017799e-06
3.161372165331698589e-06
2.905860467397082536e-06
1.986867162911772607e-06
2.071332270791134631e-06
3.452150370522316009e-06
2.402550654658694768e-06
1.671154005194042227e-06
2.509450852608757373e-06
3.240387639601174943e-06
3.849016395486238612e-06
2.645493098135722282e-06
2.268153406328828684e-06
2.377020025515147622e-06
2.639998055415397624e-06
2.072367118106448955e-06
1.902138827128278155e-06
3.426765839930253318e-06
4.709030101107820482e-06
3.182545142863266420e-06
1.741586776691331640e-06
1.705637433360836854e-06
3.174013925227537218e-06
1.577600808595807962e-06
2.279637548449764750e-06
2.220341614878894217e-06
3.384593140993559757e-06
4.454424394145468853e-06
3.264299196294864738e-06
2.424975089366685036e-06
2.211485613852837803e-06
2.408588265569997907e-06
2.877216944284331818e-06
2.292526555518614503e-06
2.612967548788355829e-06
1.594526656157620408e-06
2.769170146144801143e-06
1.224998188373484900e-06
2.185398337145403870e-06
2.691015519140337917e-06
2.937861780955907302e-06
1.870768300777956712e-06
2.270109607555006792e-06
2.140421861066650348e-06
2.279798686927879560e-06
2.790591506034339470e-06
3.628344233812756382e-06
2.074978579206847083e-06
2.146556711043442314e-06
4.243884866115807282e-06
3.119009584017111920e-06
2.260364906487705432e-06
2.280798335563855682e-06
2.429359431722574893e-06
3.336095189999521258e-06
3.170457976554565592e-06
2.789622521123139745e-06
2.507808534361477012e-06
2.606642111221921925e-06
2.330806559639002035e-06
2.209305389705202499e-06
2.469789781169214460e-06
2.719648943150156450e-06
2.197411654904609217e-06
2.300390020505817835e-06
1.844190381249680541e-06
3.027734568981496325e-06
2.179166813661885975e-06
1.995303389367795356e-06
1.774013858912124631e-06
2.579718915676974727e-06
2.379198186514112584e-06
2.515621361484207215e-06
1.920875459240654472e-06
1.554390549789059912e-06
2.989726169860267729e-06
1.708225645864884771e-06
2.559229402000751876e-06
2.661501991399640705e-06
5.762268635916424129e-06
2.937362868745427547e-06
3.152824548172847891e-06
1.972837776205711065e-06
3.700505536947305707e-06
1.501430756989285257e-06
2.186929253084806103e-06
2.915150549181058514e-06
2.798993740389715160e-06
2.766436868334822604e-06
2.290145640470206057e-06
3.268584257080304964e-06
1.622433206233599285e-06
4.040919643548092923e-06
2.061239966233277727e-06
2.750982514976728404e-06
2.073094903487330601e-06
3.545214658159836363e-06
2.058283362015129542e-06
3.370352433464916147e-06
2.489369905071324656e-06
3.545702618047415382e-06
1.407365519955814880e-06
5.251130117418764075e-06
3.337760859360980075e-06
2.883262951002438988e-06
1.602782817089452566e-06
2.053461087190729683e-06
2.498352131536963172e-06
2.447849829673774800e-06
3.929171766758522953e-06
2.272385671290300056e-06
3.714366011752359244e-06
2.102876450075921820e-06
1.674648577238235802e-06
2.887463656484422983e-06
3.233637544120372779e-06
2.083854600870614476e-06
3.058511885304093978e-06
3.381190631184649288e-06
7.318718587985602133e-06
4.239287279620808580e-06
3.445020070015467890e-06
6.389091753391493121e-06
2.369769985697842515e-06
3.888239903312480520e-06
4.883368476511476726e-06
4.589773788131456840e-06
3.936597878209767561e-06
2.402493440932753740e-06
5.192399442851280740e-06
3.293747868263108245e-06
3.083684098877496413e-06
3.616592268065060319e-06
2.839619543269761937e-06
1.712838757107305966e-06
3.806188259901746990e-06
3.125616831682021980e-06
4.073931134292449708e-06
1.711094230731164183e-06
3.576749117496930694e-06
6.122664047685678647e-06
8.154241583753178696e-06
3.649934555150345886e-06
3.801823217206753128e-06
2.096355379401988263e-06
2.765359655081040831e-06
4.589661469634647231e-06
2.586578750671826018e-06
2.968326047836253353e-06
5.666568483977023925e-06
4.361241889922246586e-06
2.227657629074324394e-06
3.078415393247867540e-06
4.961630179259461816e-06
2.606157731565916489e-06
9.182497725005478472e-06
2.248840150079510692e-06
1.451133382744249962e-05
2.603202913804458314e-06
3.047348168558122984e-06
3.248081104207484042e-06
4.229676695365082406e-06
6.382689091524950600e-06
2.993233483143010930e-06
3.421586395518523369e-06
3.188524348433380030e-06
4.568119126129518608e-06
3.557238144603252093e-06
3.460192085287173719e-06
3.449920253283532297e-06
3.884805842610050355e-06
4.693021374658228913e-06
2.817477778351312196e-06
2.030619331754146483e-06
6.053564977086716963e-06
4.369206213829250351e-06
3.084513600583599837e-06
8.191588766044889956e-06
5.620199669783757426e-06
4.139054852268670401e-06
4.978822130785834077e-06
7.164136892269034752e-06
5.609252033964678817e-06
2.587440051828836257e-06
3.258909827435572728e-06
7.469890653486442679e-06
2.412318552222786744e-06
5.604916325378063139e-06
2.639901529271769524e-06
4.034872392067189955e-06
3.753615047013647392e-06
2.883221139979965777e-06
7.085836880107693402e-06
4.771263074491442637e-06
2.736259624931339438e-06
2.775423159552356939e-06
3.042929485628482177e-06
3.725799890671908246e-06
3.309588130895800417e-06
3.423083831310598297e-06
3.734453001451870550e-06
2.902516074671794350e-06
3.933888321001754232e-06
4.533593787897264230e-06
2.289715828107700767e-06
4.104718650546015601e-06
5.423547611413428158e-06
5.558420665816247438e-06
3.147453374226566484e-06
3.469315891798932186e-06
2.634195657481013426e-06
4.216620770456872798e-06
2.495330450122616260e-06
6.778372016352139020e-06
4.965229061237414634e-06
4.177115611515518842e-06
3.167405081589302906e-06
4.584597139580126946e-06
6.767566783142955134e-06
7.431854363907200759e-06
2.854174336282075312e-06
3.732816402256025093e-06
2.549600324208628898e-06
4.404283947234843080e-06
2.944042781438697600e-06
3.017090508484706732e-06
4.887412933073722578e-06
7.420028282190096215e-06
3.109493102130500046e-06
4.559146018364969516e-06
1.843418831835209234e-06
3.866673027352599761e-06
2.615938498646711682e-06
7.315495344583236115e-06
8.727443625240263262e-06
1.441126255018524640e-05
4.919186701984598922e-06
3.513520869255104838e-06
3.701751976979102045e-06
6.076888206362569058e-06
9.024717773605153541e-06
3.156182136389785877e-06
3.775750432881166784e-06
7.326527688739764408e-06
6.453927785288339803e-06
5.332104821638487261e-06
6.634235867265126106e-06
5.499065779994288839e-06
5.442721162178825492e-06
9.882872861704120260e-06
1.093792680692066548e-05
4.556170767105336214e-06
3.969413789245916111e-06
1.943885025435339707e-06
1.332086123779936671e-05
7.249461392049036782e-06
4.669591844662325342e-06
2.666862737594473631e-06
3.614131717576808697e-06
7.413553308027983511e-06
5.244718970531887502e-06
8.481823340713172318e-06
2.533791367826671031e-06
8.470377084174483413e-06
3.399842367159974976e-06
3.515998244438952240e-06
8.728462595927059242e-06
5.757491193176471758e-06
1.193423909470561037e-05
6.971746224017899987e-06
1.969193569618298895e-06
2.795635119400874847e-06
3.462422821943443687e-06
6.947830189207833008e-06
6.658285386927227047e-06
4.882310716975333185e-06
4.158068467953268786e-06
5.806193514878236339e-06
3.189409273578534494e-06
7.034227699213647254e-06
5.486783532462040070e-06
2.846487630254688831e-06
3.189578411742672199e-06
5.004713923255495970e-06
5.098658468793401043e-06
6.381241818357484182e-06
nan
